Ti    4.8198321980E+01   4.3168426720E+01   3.8982644690E+01
Ti    4.9278773500E+01   4.0250008090E+01   4.0260301520E+01
Ti    4.5878857440E+01   4.5443202710E+01   3.8017400630E+01
Ti    4.5234483850E+01   4.7166256560E+01   4.0426854970E+01
Ti    3.6064281680E+01   4.5309369350E+01   3.5483540860E+01
Ti    4.1667275600E+01   4.5289173590E+01   4.7537036010E+01
Ti    4.3725021410E+01   4.5230383360E+01   3.5856141870E+01
Ti    4.7333313900E+01   4.3735855580E+01   4.2930714340E+01
Ti    4.1297814760E+01   3.2139221520E+01   4.0375779940E+01
Ti    3.5927950970E+01   4.5415610900E+01   4.5156346260E+01
Ti    4.1642474170E+01   4.5572137180E+01   3.8021605280E+01
Ti    4.5311071630E+01   4.3442191480E+01   4.0602472490E+01
Ti    3.4036202540E+01   4.5230586350E+01   3.8159276570E+01
Ti    4.5252219350E+01   3.4004156300E+01   3.8151724780E+01
Ti    4.3816060590E+01   4.5760403350E+01   4.5478105440E+01
Ti    4.5340506120E+01   4.1629022480E+01   3.8056011740E+01
Ti    4.5538568200E+01   3.5820040080E+01   4.0451318050E+01
Ti    4.3529922250E+01   4.7306805860E+01   4.2889981510E+01
Ti    4.7229119600E+01   4.1539931900E+01   4.5048762210E+01
Ti    3.6082088920E+01   4.7199756850E+01   4.2883188180E+01
Ti    4.7297492000E+01   3.6056944800E+01   4.2875427670E+01
Ti    4.1509872230E+01   4.7740990830E+01   4.0276833090E+01
Ti    4.5300828440E+01   4.1395949910E+01   4.7894363100E+01
Ti    4.7381066160E+01   4.1510284670E+01   3.5835778600E+01
Ti    3.9744007970E+01   4.5878628130E+01   3.5242563600E+01
Ti    3.8034290270E+01   4.5165128060E+01   4.7857372660E+01
Ti    4.7714620580E+01   3.9773620220E+01   4.2633839100E+01
Ti    3.9708760550E+01   4.5568866080E+01   4.5285061560E+01
Ti    4.7357269300E+01   3.7922172960E+01   4.5067071580E+01
Ti    4.0041472940E+01   3.1987295490E+01   4.2801402610E+01
Ti    3.7887562330E+01   4.5560496670E+01   3.7972575620E+01
Ti    4.5493633270E+01   3.9629651320E+01   4.0373265190E+01
Ti    3.2789219420E+01   3.9705731840E+01   4.3723804770E+01
Ti    4.5466932590E+01   3.7773177590E+01   3.7885021590E+01
Ti    3.7728104800E+01   4.7677944880E+01   4.0380427840E+01
Ti    3.9771696410E+01   4.7783260660E+01   4.3053747620E+01
Ti    4.7302140650E+01   3.8086360470E+01   3.5589151800E+01
Ti    4.5310203740E+01   3.7995204510E+01   4.7819689140E+01
Ti    4.3660634550E+01   4.3355076830E+01   3.3033289690E+01
Ti    3.5768617010E+01   4.1806395780E+01   3.5434075480E+01
Ti    4.1489275310E+01   4.1627145760E+01   4.8167615460E+01
Ti    4.3593009310E+01   4.1628170090E+01   3.5463988360E+01
Ti    4.3244773900E+01   3.3906633110E+01   3.5441726370E+01
Ti    4.3535867930E+01   4.3527244430E+01   4.3089672220E+01
Ti    4.1744517560E+01   3.5873357420E+01   4.0324490080E+01
Ti    3.5514576530E+01   4.1644742080E+01   4.5445094880E+01
Ti    4.3389468950E+01   3.4037632660E+01   4.5302456090E+01
Ti    3.4053444050E+01   4.3495885440E+01   4.0519135410E+01
Ti    3.5699223920E+01   3.5617179980E+01   4.2941933230E+01
Ti    4.1611112020E+01   4.1666803730E+01   3.7874175620E+01
Ti    4.1602849960E+01   4.3565035500E+01   4.0340001740E+01
Ti    3.4054433880E+01   4.1510728140E+01   3.7932179430E+01
Ti    4.3540768250E+01   3.5841751340E+01   4.2937687740E+01
Ti    3.5875021690E+01   4.3490220540E+01   4.2800146110E+01
Ti    4.1698036380E+01   3.3642000590E+01   3.7971184090E+01
Ti    4.3432502880E+01   4.1630215370E+01   4.5440302030E+01
Ti    3.4183610510E+01   3.6127438150E+01   4.0401095550E+01
Ti    4.3196908270E+01   3.9753806890E+01   3.3081924630E+01
Ti    3.9649385330E+01   4.1779814800E+01   3.5475037720E+01
Ti    3.7632962570E+01   4.1666271090E+01   4.7729242570E+01
Ti    3.9663455940E+01   3.4105157620E+01   3.5758298900E+01
Ti    3.4089893230E+01   3.7914398090E+01   3.7987336510E+01
Ti    4.3612116110E+01   3.9678845280E+01   4.2866533680E+01
Ti    3.7921854500E+01   3.5826103840E+01   4.0439234860E+01
Ti    3.9667506730E+01   4.1676017490E+01   4.5352868730E+01
Ti    4.3511236530E+01   3.7790119340E+01   4.5386358430E+01
Ti    3.3715968250E+01   3.9805411760E+01   4.0733403660E+01
Ti    3.9731338200E+01   3.5862808470E+01   4.3011661090E+01
Ti    3.7824278190E+01   4.1677065660E+01   3.7988391650E+01
Ti    4.1705102010E+01   3.9707918930E+01   4.0257511200E+01
Ti    3.5368587600E+01   3.7896423180E+01   4.5272326170E+01
Ti    3.6159299760E+01   3.9776469840E+01   4.2955878580E+01
Ti    4.1698022030E+01   3.7762694770E+01   3.7861273520E+01
Ti    3.9944631460E+01   3.4068465190E+01   4.5461034150E+01
Ti    3.7856918530E+01   4.3572619480E+01   4.0452880260E+01
Ti    3.7606794330E+01   3.4062233860E+01   3.7960123030E+01
Ti    3.9730074670E+01   4.3597984050E+01   4.2927789380E+01
Ti    4.3561753590E+01   3.7545760040E+01   3.5130945430E+01
Ti    3.5827049650E+01   3.8046792500E+01   3.5421932460E+01
Ti    4.1488320730E+01   3.7928913420E+01   4.7818368600E+01
Ti    4.0220564640E+01   4.3679030120E+01   3.3181902410E+01
Ti    3.9730710830E+01   3.9918363270E+01   3.2912560820E+01
Ti    3.9695229060E+01   3.7690334300E+01   3.5189483140E+01
Ti    3.7361935340E+01   3.8129325730E+01   4.7693006510E+01
Ti    3.7885366900E+01   3.7833578630E+01   3.7792563980E+01
Ti    3.9817857870E+01   3.9717277320E+01   4.2977277090E+01
Ti    3.7895437420E+01   3.9700499680E+01   4.0342785290E+01
Ti    3.9456005810E+01   3.7810784530E+01   4.5374486660E+01
O     4.9578774670E+01   4.1952155710E+01   3.9541734060E+01
O     5.0098276410E+01   3.8740660230E+01   3.8818262520E+01
O     5.0785778760E+01   3.8882019750E+01   3.9315275040E+01
O     4.5653981960E+01   4.5557755780E+01   4.5560993350E+01
O     4.7722219700E+01   4.4863639030E+01   3.8214968550E+01
O     4.5571976090E+01   4.5677969400E+01   3.6129988390E+01
O     4.5874642320E+01   4.7302401680E+01   3.8626700450E+01
O     4.5547045480E+01   4.5330556070E+01   4.0244356130E+01
O     4.7995339200E+01   4.5439002300E+01   4.2758736150E+01
O     4.5334588490E+01   4.7701984680E+01   4.2270685150E+01
O     3.5721717380E+01   4.5526038520E+01   3.7347000200E+01
O     4.1602210550E+01   4.5374787120E+01   4.5626067380E+01
O     4.6058236280E+01   4.2690009530E+01   4.8918115070E+01
O     4.3624542490E+01   4.5377982710E+01   3.7764424700E+01
O     4.7770725630E+01   4.3350825720E+01   4.4769205320E+01
O     4.1796794250E+01   3.1711284110E+01   4.2178171010E+01
O     4.1905591770E+01   4.5828091700E+01   3.5804696150E+01
O     4.5440325950E+01   4.3545391200E+01   3.8371926150E+01
O     4.5354774130E+01   3.3929111090E+01   4.0003135480E+01
O     4.3420275990E+01   4.6010157070E+01   4.7351904640E+01
O     4.5358544490E+01   4.1573678510E+01   4.0014546800E+01
O     4.5563242000E+01   3.5832879110E+01   3.8195763200E+01
O     3.1113345850E+01   4.0220017710E+01   4.4345288840E+01
O     4.3389108770E+01   4.7378095190E+01   4.0636503820E+01
O     4.7153699010E+01   4.1531864090E+01   4.3135601900E+01
O     3.5879172350E+01   4.7380334270E+01   4.0998461140E+01
O     4.7877142860E+01   3.6094387200E+01   4.4730278160E+01
O     4.1661073400E+01   4.7644403980E+01   4.2526001230E+01
O     4.7888968140E+01   3.9819419320E+01   3.5266565590E+01
O     3.9761850110E+01   4.5585757020E+01   3.7466775300E+01
O     3.7595839100E+01   4.5462022400E+01   4.6036877500E+01
O     4.5753610410E+01   3.9668738390E+01   4.8459255790E+01
O     4.7952466230E+01   3.9755100450E+01   4.4886041870E+01
O     3.9801937700E+01   4.5727424250E+01   4.7539059150E+01
O     4.7345405910E+01   3.7939529900E+01   4.3119929570E+01
O     3.9511706170E+01   3.2070839340E+01   4.1005735390E+01
O     3.7881289060E+01   4.5651008190E+01   3.5719769430E+01
O     4.5487450700E+01   3.9696566970E+01   3.8330476850E+01
O     4.5514891420E+01   3.7713045280E+01   3.9880255460E+01
O     3.7865016850E+01   4.7703542310E+01   4.2640562080E+01
O     3.9645237970E+01   4.7542514650E+01   4.0817137040E+01
O     4.1580700010E+01   4.9602672890E+01   4.0231893300E+01
O     4.5605885190E+01   4.1568580040E+01   4.6013565810E+01
O     4.7529326850E+01   4.1920471600E+01   3.7678033710E+01
O     4.3665552830E+01   4.7552436710E+01   4.4781157720E+01
O     4.5471548710E+01   3.5696992750E+01   4.2695515340E+01
O     4.5520918920E+01   4.1556866750E+01   3.5816714310E+01
O     4.1603100310E+01   4.7478025080E+01   3.8380293750E+01
O     4.7413689050E+01   3.5795990870E+01   4.0984507120E+01
O     3.5365094010E+01   4.7205449850E+01   4.4687811170E+01
O     4.1531845970E+01   4.5500765010E+01   3.9985557570E+01
O     4.1527472310E+01   3.1803856590E+01   3.8513331040E+01
O     3.6216946110E+01   4.5346792690E+01   4.3249883180E+01
O     4.7517592430E+01   4.3324170520E+01   4.0746172730E+01
O     4.3555085280E+01   4.5468114050E+01   4.3265127480E+01
O     3.3880021130E+01   4.5359368610E+01   4.0014147700E+01
O     4.5453770330E+01   4.3619150460E+01   4.2547616440E+01
O     4.3687234360E+01   4.3563131340E+01   3.4929976180E+01
O     3.5915944400E+01   4.1496281150E+01   3.7654804290E+01
O     4.1557115170E+01   4.1656193880E+01   4.5899838210E+01
O     4.1712931910E+01   4.3553900260E+01   4.8063972250E+01
O     3.3704670600E+01   4.1232238620E+01   4.5051606550E+01
O     3.5650205740E+01   4.3626649990E+01   3.4869509820E+01
O     4.3530338830E+01   4.1666877160E+01   3.7434722950E+01
O     3.5718029630E+01   3.7026296560E+01   3.3917958250E+01
O     4.3579021710E+01   3.3678345730E+01   3.7316041670E+01
O     4.1356253720E+01   3.6684372290E+01   4.9183296000E+01
O     4.1702367660E+01   3.3726234650E+01   4.5996320570E+01
O     4.3560974070E+01   3.5653884220E+01   3.4989953220E+01
O     4.1944863890E+01   4.3726211600E+01   3.2475860890E+01
O     3.5831695820E+01   3.3532872770E+01   3.8021194450E+01
O     4.3635268670E+01   4.3559701630E+01   4.5051409090E+01
O     4.1621092770E+01   3.5831588180E+01   4.2570916670E+01
O     3.5703799800E+01   4.1697739370E+01   4.7333505490E+01
O     4.3416971390E+01   3.3934497200E+01   4.3447759530E+01
O     3.3742366470E+01   4.3391519070E+01   3.8280940150E+01
O     3.5985252470E+01   3.5738888040E+01   4.0708279290E+01
O     4.1640776520E+01   4.1698453620E+01   3.5858667250E+01
O     4.1578241100E+01   4.3590952140E+01   3.8356283990E+01
O     3.5871814500E+01   3.3779843180E+01   4.3118980560E+01
O     3.3908755680E+01   4.1633438860E+01   3.6040713770E+01
O     4.3615169050E+01   3.5908998110E+01   4.0965162190E+01
O     3.5420400890E+01   4.3570363890E+01   4.5011569250E+01
O     4.1763925030E+01   3.3925070830E+01   3.9950813890E+01
O     4.3441198740E+01   4.1543138050E+01   4.7683900860E+01
O     3.3888142470E+01   3.5719059640E+01   4.2244053530E+01
O     3.5385920280E+01   3.6024250670E+01   4.4798060550E+01
O     4.1655361640E+01   4.1636629800E+01   3.9887799180E+01
O     3.3962429560E+01   4.3541026820E+01   4.2414066030E+01
O     4.1844470780E+01   3.5846755780E+01   3.8343289640E+01
O     3.6238196960E+01   4.1699550170E+01   4.3342036190E+01
O     4.3452276850E+01   4.3520172550E+01   4.0848808380E+01
O     4.3569246860E+01   4.1578993150E+01   4.3451749830E+01
O     3.3638166590E+01   3.6120677490E+01   3.8552430330E+01
O     3.5926743620E+01   4.3443324030E+01   4.0805084660E+01
O     4.1454623580E+01   3.3429616590E+01   3.5730998400E+01
O     3.3611160280E+01   4.1651670670E+01   4.0138062110E+01
O     4.3733699680E+01   3.5864571450E+01   4.5189721290E+01
O     4.1651509850E+01   4.3549221010E+01   4.2593855740E+01
O     4.1364466630E+01   4.1780692530E+01   5.0037508510E+01
O     3.5678798330E+01   4.0688850070E+01   3.3852035760E+01
O     4.3937011930E+01   4.1518438670E+01   3.3224778340E+01
O     4.3278594570E+01   3.9767507300E+01   3.4995682840E+01
O     3.9697062050E+01   4.1672209490E+01   3.7428371390E+01
O     3.7743805460E+01   4.1697751480E+01   4.5804833600E+01
O     4.1510752550E+01   3.9705730360E+01   4.8319269650E+01
O     3.5893174120E+01   3.9875658200E+01   3.5027211030E+01
O     3.9839501670E+01   3.4123053030E+01   3.7663035610E+01
O     3.8690257550E+01   3.3303383420E+01   4.6522825760E+01
O     3.4125297610E+01   3.7985366950E+01   4.0246822760E+01
O     4.3605298860E+01   3.9709630240E+01   4.5115617330E+01
O     3.7876244620E+01   3.5711976900E+01   4.2418360540E+01
O     3.9608949200E+01   4.1644768930E+01   4.7593429950E+01
O     4.3562897490E+01   3.7765279800E+01   4.3426995550E+01
O     3.3528639420E+01   3.9713035400E+01   3.8476398470E+01
O     3.9845201780E+01   3.5871146850E+01   4.0767529880E+01
O     3.7718216530E+01   4.1913814050E+01   3.5760336260E+01
O     4.1675646510E+01   3.9715553070E+01   3.8274418000E+01
O     3.5978060620E+01   3.7843721330E+01   4.3109613650E+01
O     3.5950380220E+01   3.9754529270E+01   4.4908490270E+01
O     4.1721597730E+01   3.7781889290E+01   3.9852333810E+01
O     3.7843081630E+01   4.3546468330E+01   4.2406674270E+01
O     3.7914489640E+01   3.3465691140E+01   3.6119327930E+01
O     3.9759489120E+01   4.3546238190E+01   4.0909705760E+01
O     4.3711718610E+01   3.7931835710E+01   3.3244648000E+01
O     4.9543858270E+01   4.0074819360E+01   4.2112914440E+01
O     3.7635271320E+01   4.9538846010E+01   4.0276671310E+01
O     3.9814240400E+01   4.9650323980E+01   4.3146599550E+01
O     3.9833910500E+01   4.7723245560E+01   3.5144811350E+01
O     4.5687102840E+01   3.7867582840E+01   4.5965357310E+01
O     4.7377620340E+01   3.7808360460E+01   3.7421402690E+01
O     3.9680357800E+01   4.7467538040E+01   4.4947986430E+01
O     4.5493412510E+01   3.9630428470E+01   4.2347752530E+01
O     3.7671201420E+01   4.7427589230E+01   3.8457298060E+01
O     3.2178189140E+01   3.9374125140E+01   4.1847014030E+01
O     4.5448513000E+01   3.7816414570E+01   3.5620925040E+01
O     4.7470578800E+01   3.9788528840E+01   4.0648354910E+01
O     3.7857421350E+01   4.5462291540E+01   3.9959051280E+01
O     3.9712064880E+01   4.5540295490E+01   4.3313369930E+01
O     3.9612808140E+01   4.5475588550E+01   3.3352489690E+01
O     4.0082305240E+01   4.3662852680E+01   3.5091618250E+01
O     4.1514162340E+01   3.9894141900E+01   3.2322404590E+01
O     3.5941918540E+01   3.8007062020E+01   3.7669097320E+01
O     3.7680616190E+01   4.3446633610E+01   4.8437920460E+01
O     4.1639452740E+01   3.7716862260E+01   4.5860229400E+01
O     3.3571040090E+01   3.8321793970E+01   4.4738684040E+01
O     4.3586093830E+01   3.7778424280E+01   3.7361658380E+01
O     3.9586717060E+01   3.5800541770E+01   3.5056806420E+01
O     3.7403566810E+01   3.6839825350E+01   4.8996728020E+01
O     3.7997223800E+01   3.3962598930E+01   3.9846085010E+01
O     3.9582525680E+01   4.3610582690E+01   4.4942907690E+01
O     4.1688513910E+01   3.9690151430E+01   4.2506981130E+01
O     3.5495209580E+01   3.8037384290E+01   4.7180039790E+01
O     3.9806969740E+01   3.3683593970E+01   4.3587421790E+01
O     3.7757993480E+01   4.3619726570E+01   3.8215379570E+01
O     3.5969529600E+01   3.9860847370E+01   4.0721000980E+01
O     4.1627533270E+01   3.7678581210E+01   3.5612114080E+01
O     3.3988996060E+01   3.7847257600E+01   3.6078490760E+01
O     4.3566484960E+01   3.9649332450E+01   4.0855402520E+01
O     4.3472714880E+01   3.7771880060E+01   4.7632670000E+01
O     3.4295167760E+01   4.0163615000E+01   4.2569135550E+01
O     3.9634575910E+01   3.5882699780E+01   4.4996540260E+01
O     3.7937457600E+01   4.1675432610E+01   3.9935295960E+01
O     3.7662822780E+01   3.5938039850E+01   3.8199870710E+01
O     3.9762678110E+01   4.1655667660E+01   4.3380550840E+01
O     3.9581434740E+01   4.1878556670E+01   3.3225776070E+01
O     3.9626316210E+01   3.9918062630E+01   3.4897879770E+01
O     3.8456243820E+01   3.9888605600E+01   3.1568453870E+01
O     3.9799549110E+01   3.7743604270E+01   3.7432832120E+01
O     3.7532191700E+01   3.9875172550E+01   4.8371042360E+01
O     3.7565969090E+01   3.7753595540E+01   4.5763880910E+01
O     3.7883132980E+01   3.7757257740E+01   4.0034705690E+01
O     3.9657211720E+01   3.9723530390E+01   4.4950722200E+01
O     3.7976861820E+01   3.9743207790E+01   4.2338239330E+01
O     3.9565740690E+01   3.7916880050E+01   4.7332947400E+01
O     3.9674919610E+01   3.7776960710E+01   4.3353008170E+01
O     3.7961920470E+01   3.9719766100E+01   3.8346478280E+01
O     3.9830053240E+01   3.9691684960E+01   4.0729528110E+01
O     3.7767598600E+01   3.7827592870E+01   3.5828598730E+01
O     3.9624931260E+01   3.8001560660E+01   3.3307032260E+01
