Ti    4.8201548010E+01   4.3078107450E+01   3.9041200030E+01
Ti    4.9287098150E+01   4.0212654450E+01   4.0287304280E+01
Ti    4.5875080610E+01   4.5423438290E+01   3.8022834550E+01
Ti    4.5221656690E+01   4.7118286880E+01   4.0436664440E+01
Ti    3.6104708580E+01   4.5308323870E+01   3.5461033500E+01
Ti    4.1637372900E+01   4.5298648640E+01   4.7614943990E+01
Ti    4.3792439380E+01   4.5284258200E+01   3.5820378980E+01
Ti    4.7276580040E+01   4.3739370850E+01   4.2930779650E+01
Ti    4.1291852500E+01   3.2139369190E+01   4.0340588920E+01
Ti    3.5953148960E+01   4.5393326790E+01   4.5127860540E+01
Ti    4.1657304140E+01   4.5570651220E+01   3.8001069310E+01
Ti    4.5317245340E+01   4.3399893250E+01   4.0603309570E+01
Ti    3.4114685540E+01   4.5205333470E+01   3.8167009000E+01
Ti    4.5277022450E+01   3.3989201840E+01   3.8094326430E+01
Ti    4.3801554470E+01   4.5783220910E+01   4.5460056410E+01
Ti    4.5321239270E+01   4.1637369160E+01   3.8103172840E+01
Ti    4.5520381140E+01   3.5816933760E+01   4.0410516040E+01
Ti    4.3497841760E+01   4.7308760420E+01   4.2904427420E+01
Ti    4.7273765270E+01   4.1508073180E+01   4.5062826060E+01
Ti    3.6062441220E+01   4.7283693210E+01   4.2916105040E+01
Ti    4.7295621270E+01   3.5957091380E+01   4.2804609440E+01
Ti    4.1546343840E+01   4.7685645200E+01   4.0266591490E+01
Ti    4.5263591970E+01   4.1426149960E+01   4.7894971800E+01
Ti    4.7369475850E+01   4.1469247110E+01   3.5842566060E+01
Ti    3.9802720470E+01   4.5830013690E+01   3.5170789290E+01
Ti    3.8049339280E+01   4.5200077040E+01   4.7816625060E+01
Ti    4.7681032250E+01   3.9752088780E+01   4.2639569410E+01
Ti    3.9740731100E+01   4.5584096810E+01   4.5280918570E+01
Ti    4.7364235990E+01   3.7864828710E+01   4.4979521140E+01
Ti    4.0113132730E+01   3.2038359880E+01   4.2835897310E+01
Ti    3.7917184210E+01   4.5586823850E+01   3.7915058660E+01
Ti    4.5516311210E+01   3.9616197800E+01   4.0414613820E+01
Ti    3.2829521290E+01   3.9761740370E+01   4.3824652230E+01
Ti    4.5450093630E+01   3.7798434720E+01   3.7911668490E+01
Ti    3.7731633350E+01   4.7642141510E+01   4.0354118240E+01
Ti    3.9799774500E+01   4.7776210440E+01   4.3030968470E+01
Ti    4.7281653710E+01   3.8084662270E+01   3.5584550190E+01
Ti    4.5346735720E+01   3.8057125550E+01   4.7703569980E+01
Ti    4.3550047260E+01   4.3379543400E+01   3.3101104610E+01
Ti    3.5786605610E+01   4.1803819880E+01   3.5468048190E+01
Ti    4.1402284770E+01   4.1614645090E+01   4.8247191030E+01
Ti    4.3590887690E+01   4.1647494660E+01   3.5538954370E+01
Ti    4.3234667070E+01   3.3934755870E+01   3.5382032150E+01
Ti    4.3509237650E+01   4.3537924030E+01   4.3141512860E+01
Ti    4.1700667040E+01   3.5892936340E+01   4.0284513100E+01
Ti    3.5592610970E+01   4.1591863360E+01   4.5414826590E+01
Ti    4.3348674180E+01   3.4031846520E+01   4.5249592550E+01
Ti    3.4097075300E+01   4.3512457760E+01   4.0526398690E+01
Ti    3.5646402390E+01   3.5616863460E+01   4.2915899950E+01
Ti    4.1576044050E+01   4.1678165110E+01   3.7878216880E+01
Ti    4.1616644250E+01   4.3552891000E+01   4.0350232040E+01
Ti    3.4054470470E+01   4.1539193520E+01   3.7986611530E+01
Ti    4.3506529810E+01   3.5822910350E+01   4.2912850080E+01
Ti    3.5844478500E+01   4.3504154230E+01   4.2780328080E+01
Ti    4.1712017250E+01   3.3673332540E+01   3.7880214440E+01
Ti    4.3443987440E+01   4.1620519510E+01   4.5485316620E+01
Ti    3.4159163610E+01   3.6113874250E+01   4.0374758980E+01
Ti    4.3178474870E+01   3.9785240310E+01   3.3126423810E+01
Ti    3.9660775390E+01   4.1771905890E+01   3.5466718630E+01
Ti    3.7568233690E+01   4.1694011950E+01   4.7858899610E+01
Ti    3.9625885820E+01   3.4056217590E+01   3.5725623880E+01
Ti    3.4076028490E+01   3.7971222860E+01   3.8004964530E+01
Ti    4.3585651850E+01   3.9675172280E+01   4.2881971630E+01
Ti    3.7880718520E+01   3.5803195010E+01   4.0431220860E+01
Ti    3.9665725230E+01   4.1631271840E+01   4.5409247790E+01
Ti    4.3478939920E+01   3.7823158930E+01   4.5327412280E+01
Ti    3.3708920650E+01   3.9818571550E+01   4.0765799340E+01
Ti    3.9696924140E+01   3.5896035590E+01   4.2950484810E+01
Ti    3.7854967700E+01   4.1673350860E+01   3.7992914850E+01
Ti    4.1727673320E+01   3.9711734010E+01   4.0247431270E+01
Ti    3.5372747890E+01   3.7885537000E+01   4.5344087620E+01
Ti    3.6214946800E+01   3.9778569220E+01   4.2921903090E+01
Ti    4.1695122210E+01   3.7811573310E+01   3.7860465140E+01
Ti    3.9940003590E+01   3.4173147640E+01   4.5495695820E+01
Ti    3.7887483120E+01   4.3573761610E+01   4.0434630640E+01
Ti    3.7594533780E+01   3.4073985710E+01   3.7950069440E+01
Ti    3.9779155580E+01   4.3553865390E+01   4.3038862410E+01
Ti    4.3604588200E+01   3.7564316940E+01   3.5150137100E+01
Ti    3.5785151490E+01   3.8099840910E+01   3.5440825870E+01
Ti    4.1550214550E+01   3.7949762050E+01   4.7863652400E+01
Ti    4.0195525680E+01   4.3651166910E+01   3.3142653720E+01
Ti    3.9743272650E+01   3.9978125220E+01   3.2910513350E+01
Ti    3.9795158370E+01   3.7673658140E+01   3.5112432580E+01
Ti    3.7384807710E+01   3.8095246100E+01   4.7750071320E+01
Ti    3.7882172060E+01   3.7849787880E+01   3.7762914480E+01
Ti    3.9828271900E+01   3.9675641860E+01   4.3008661420E+01
Ti    3.7925021290E+01   3.9736460050E+01   4.0310888900E+01
Ti    3.9448182380E+01   3.7822209030E+01   4.5498255420E+01
O     4.9627700830E+01   4.1926442510E+01   3.9543982870E+01
O     4.9998581680E+01   3.8665152980E+01   3.8821436920E+01
O     5.0750074740E+01   3.8965441500E+01   3.9107923360E+01
O     4.5650257770E+01   4.5623359270E+01   4.5421555790E+01
O     4.7711521860E+01   4.4782428400E+01   3.8209513260E+01
O     4.5602091340E+01   4.5756203030E+01   3.6105572660E+01
O     4.5767381810E+01   4.7296567910E+01   3.8581544070E+01
O     4.5682234300E+01   4.5313768030E+01   4.0251881660E+01
O     4.8010481300E+01   4.5424718420E+01   4.2764585350E+01
O     4.5289220550E+01   4.7781263640E+01   4.2253833590E+01
O     3.5784376070E+01   4.5489813780E+01   3.7324787270E+01
O     4.1608072140E+01   4.5300557340E+01   4.5712404980E+01
O     4.6135342930E+01   4.2630395620E+01   4.8926942080E+01
O     4.3638571680E+01   4.5416712070E+01   3.7723153910E+01
O     4.7779836000E+01   4.3351896380E+01   4.4760464390E+01
O     4.1808865860E+01   3.1676106000E+01   4.2109930640E+01
O     4.1959834420E+01   4.5847993610E+01   3.5778770100E+01
O     4.5379916700E+01   4.3541791020E+01   3.8371393870E+01
O     4.5276242540E+01   3.3945500920E+01   3.9946349760E+01
O     4.3469885170E+01   4.5950674500E+01   4.7331392900E+01
O     4.5338963080E+01   4.1572569520E+01   4.0033713960E+01
O     4.5555063270E+01   3.5835292700E+01   3.8155142000E+01
O     3.1158224700E+01   4.0418131660E+01   4.4361947290E+01
O     4.3352395970E+01   4.7059192730E+01   4.0681937910E+01
O     4.7230377540E+01   4.1535554310E+01   4.3168523730E+01
O     3.5867325790E+01   4.7521199670E+01   4.1043841640E+01
O     4.7908909940E+01   3.6036596650E+01   4.4652035660E+01
O     4.1666139040E+01   4.7709424850E+01   4.2516914790E+01
O     4.7841545660E+01   3.9793888890E+01   3.5176792260E+01
O     3.9780113380E+01   4.5536168550E+01   3.7428034460E+01
O     3.7628234810E+01   4.5438998540E+01   4.6013754910E+01
O     4.5789770860E+01   3.9705385220E+01   4.8460648250E+01
O     4.7975292600E+01   3.9704779520E+01   4.4880342930E+01
O     3.9799409930E+01   4.5817923630E+01   4.7543475040E+01
O     4.7293373350E+01   3.7875985300E+01   4.3058518380E+01
O     3.9528863800E+01   3.2130144970E+01   4.1071306150E+01
O     3.7913557660E+01   4.5640266070E+01   3.5653975410E+01
O     4.5506391010E+01   3.9710736870E+01   3.8332841650E+01
O     4.5564348540E+01   3.7702604960E+01   3.9905617590E+01
O     3.7883587490E+01   4.7611095220E+01   4.2623396970E+01
O     3.9663169780E+01   4.7503889230E+01   4.0802527030E+01
O     4.1655113830E+01   4.9551967720E+01   4.0213494350E+01
O     4.5656631580E+01   4.1508058610E+01   4.6008917360E+01
O     4.7506989370E+01   4.1931030260E+01   3.7666933340E+01
O     4.3581455490E+01   4.7587758680E+01   4.4792739870E+01
O     4.5457252960E+01   3.5679109250E+01   4.2656228450E+01
O     4.5519048900E+01   4.1529047860E+01   3.5908801380E+01
O     4.1611059950E+01   4.7495443090E+01   3.8345337090E+01
O     4.7402641250E+01   3.5666233080E+01   4.0934200950E+01
O     3.5288348700E+01   4.7169731210E+01   4.4677602720E+01
O     4.1470013600E+01   4.5455159070E+01   3.9934513600E+01
O     4.1547784560E+01   3.1821188340E+01   3.8478097170E+01
O     3.6154005740E+01   4.5385087450E+01   4.3210822260E+01
O     4.7533736320E+01   4.3208414570E+01   4.0799839130E+01
O     4.3659086000E+01   4.5487788260E+01   4.3232203060E+01
O     3.3918242790E+01   4.5338054880E+01   4.0027101950E+01
O     4.5400655660E+01   4.3491399070E+01   4.2571303530E+01
O     4.3589822030E+01   4.3601435090E+01   3.4994975900E+01
O     3.5939036850E+01   4.1540827480E+01   3.7703296950E+01
O     4.1552137710E+01   4.1618941250E+01   4.5965114620E+01
O     4.1654363020E+01   4.3539698240E+01   4.8118309070E+01
O     3.3768933310E+01   4.1241431760E+01   4.4984013890E+01
O     3.5616963950E+01   4.3635735810E+01   3.4846011550E+01
O     4.3509642260E+01   4.1695214280E+01   3.7459196700E+01
O     3.5708184770E+01   3.7041314710E+01   3.3967206410E+01
O     4.3581741820E+01   3.3706566760E+01   3.7263259590E+01
O     4.1423549400E+01   3.6545194990E+01   4.9056897610E+01
O     4.1689775520E+01   3.3703802700E+01   4.5970780790E+01
O     4.3591279490E+01   3.5666653040E+01   3.4977005880E+01
O     4.1876091560E+01   4.3612075770E+01   3.2362073710E+01
O     3.5800011500E+01   3.3571567400E+01   3.8034836260E+01
O     4.3627063810E+01   4.3563152020E+01   4.5097380560E+01
O     4.1592793850E+01   3.5914392460E+01   4.2532879890E+01
O     3.5675525450E+01   4.1704425760E+01   4.7336419430E+01
O     4.3307945380E+01   3.3923161640E+01   4.3395057420E+01
O     3.3766987530E+01   4.3393325300E+01   3.8282424110E+01
O     3.5948821250E+01   3.5758060610E+01   4.0696116580E+01
O     4.1629687470E+01   4.1638048250E+01   3.5851671610E+01
O     4.1618939230E+01   4.3588385220E+01   3.8359498800E+01
O     3.5639343090E+01   3.3806118500E+01   4.3201555740E+01
O     3.3944656340E+01   4.1724379280E+01   3.6120399870E+01
O     4.3594456810E+01   3.5949026950E+01   4.0932919270E+01
O     3.5520026070E+01   4.3556030250E+01   4.4982462370E+01
O     4.1785747020E+01   3.3941522570E+01   3.9950687050E+01
O     4.3425885740E+01   4.1675840050E+01   4.7701098030E+01
O     3.3872638100E+01   3.5672465290E+01   4.2188429380E+01
O     3.5262134730E+01   3.6083805090E+01   4.4761593160E+01
O     4.1714385310E+01   4.1597315810E+01   3.9909381670E+01
O     3.3935905940E+01   4.3593978510E+01   4.2419938810E+01
O     4.1812018610E+01   3.5879159350E+01   3.8340389920E+01
O     3.6249292560E+01   4.1702180040E+01   4.3299116080E+01
O     4.3467768270E+01   4.3594018670E+01   4.0883992450E+01
O     4.3522844770E+01   4.1591256980E+01   4.3478044120E+01
O     3.3585988480E+01   3.6121273140E+01   3.8511117230E+01
O     3.5973589900E+01   4.3469106330E+01   4.0817826570E+01
O     4.1467663180E+01   3.3414635660E+01   3.5647230550E+01
O     3.3546616320E+01   4.1669469280E+01   4.0152889290E+01
O     4.3718894430E+01   3.5874389590E+01   4.5175447050E+01
O     4.1660832980E+01   4.3507809370E+01   4.2588531240E+01
O     4.1334625410E+01   4.1837987940E+01   5.0114938370E+01
O     3.5505876870E+01   4.0753771360E+01   3.3850486650E+01
O     4.3922526730E+01   4.1573051140E+01   3.3299410470E+01
O     4.3336747610E+01   3.9769509990E+01   3.5037334870E+01
O     3.9692777390E+01   4.1754724400E+01   3.7390224630E+01
O     3.7782387300E+01   4.1643083990E+01   4.5933868630E+01
O     4.1618158710E+01   3.9698591810E+01   4.8407062690E+01
O     3.5925289700E+01   3.9933816670E+01   3.5008878530E+01
O     3.9826008070E+01   3.4111542490E+01   3.7658841350E+01
O     3.8681824490E+01   3.3236767360E+01   4.6406095410E+01
O     3.4081422210E+01   3.7985681880E+01   4.0255467250E+01
O     4.3631938890E+01   3.9724487460E+01   4.5124949800E+01
O     3.7833120030E+01   3.5701075210E+01   4.2408299780E+01
O     3.9557518490E+01   4.1533887100E+01   4.7661298750E+01
O     4.3526224250E+01   3.7798085430E+01   4.3384034200E+01
O     3.3549878770E+01   3.9741188910E+01   3.8502236410E+01
O     3.9806174800E+01   3.5861795490E+01   4.0695074100E+01
O     3.7730237800E+01   4.1985115660E+01   3.5813151950E+01
O     4.1668745810E+01   3.9726676430E+01   3.8267634930E+01
O     3.5929629650E+01   3.7856527320E+01   4.3145445200E+01
O     3.5936189870E+01   3.9731668240E+01   4.4935519070E+01
O     4.1747875350E+01   3.7771102930E+01   3.9799626980E+01
O     3.7923837170E+01   4.3647188610E+01   4.2411201360E+01
O     3.7925654030E+01   3.3336847520E+01   3.6147435400E+01
O     3.9800633500E+01   4.3417307100E+01   4.0810450250E+01
O     4.3686397090E+01   3.7941012190E+01   3.3295470740E+01
O     4.9506483880E+01   4.0080924730E+01   4.2131674330E+01
O     3.7791689000E+01   4.9503647590E+01   4.0399994310E+01
O     3.9824053920E+01   4.9674077980E+01   4.3093810710E+01
O     3.9750162280E+01   4.7717902300E+01   3.5144862390E+01
O     4.5673298150E+01   3.7835452070E+01   4.5853915520E+01
O     4.7344691580E+01   3.7892235220E+01   3.7451816250E+01
O     3.9705206250E+01   4.7519383710E+01   4.4942901550E+01
O     4.5511803730E+01   3.9693267150E+01   4.2409799950E+01
O     3.7841292240E+01   4.7435490650E+01   3.8449340620E+01
O     3.2093868980E+01   3.9501723600E+01   4.1819284410E+01
O     4.5465730460E+01   3.7814834490E+01   3.5641481840E+01
O     4.7485363030E+01   3.9767252540E+01   4.0628394810E+01
O     3.7825435980E+01   4.5449598030E+01   3.9942260020E+01
O     3.9838184290E+01   4.5531573290E+01   4.3319725400E+01
O     3.9566081370E+01   4.5464166350E+01   3.3292890570E+01
O     4.0156755440E+01   4.3635453210E+01   3.5041602480E+01
O     4.1499519400E+01   3.9966573030E+01   3.2278009820E+01
O     3.5920439670E+01   3.8037452770E+01   3.7658062610E+01
O     3.7755877300E+01   4.3492795650E+01   4.8437781560E+01
O     4.1624619690E+01   3.7757339760E+01   4.5885485700E+01
O     3.3559153860E+01   3.8335626370E+01   4.4818845550E+01
O     4.3564552040E+01   3.7767067720E+01   3.7396205320E+01
O     3.9525653590E+01   3.5751691190E+01   3.5037914620E+01
O     3.7474740340E+01   3.6739216220E+01   4.8973804340E+01
O     3.8042123730E+01   3.3908714240E+01   3.9831796540E+01
O     3.9603368940E+01   4.3582111740E+01   4.4999275770E+01
O     4.1657548810E+01   3.9663382430E+01   4.2506216680E+01
O     3.5492717820E+01   3.7994672550E+01   4.7262570930E+01
O     3.9828798600E+01   3.3748645100E+01   4.3612615080E+01
O     3.7791740950E+01   4.3649972940E+01   3.8241539090E+01
O     3.5961689070E+01   3.9712811210E+01   4.0694547640E+01
O     4.1638638880E+01   3.7649419990E+01   3.5592428320E+01
O     3.3981534560E+01   3.7835861970E+01   3.6099540550E+01
O     4.3611767550E+01   3.9597213320E+01   4.0874259910E+01
O     4.3491319340E+01   3.7828773370E+01   4.7599780690E+01
O     3.4319045130E+01   4.0098837090E+01   4.2605434050E+01
O     3.9677841260E+01   3.5991254490E+01   4.4952280080E+01
O     3.7917617760E+01   4.1689374250E+01   3.9971889830E+01
O     3.7607183440E+01   3.5928357020E+01   3.8208574010E+01
O     3.9788505570E+01   4.1641636950E+01   4.3463670210E+01
O     3.9425907870E+01   4.1926693760E+01   3.3240254170E+01
O     3.9609053090E+01   3.9927484550E+01   3.4845187410E+01
O     3.8337112240E+01   3.9829873750E+01   3.1669819770E+01
O     3.9796178730E+01   3.7686042270E+01   3.7363048000E+01
O     3.7365747520E+01   3.9848359860E+01   4.8423879230E+01
O     3.7563113390E+01   3.7789373810E+01   4.5820006020E+01
O     3.7852503830E+01   3.7746230690E+01   3.9978115770E+01
O     3.9650987810E+01   3.9708722940E+01   4.4990537690E+01
O     3.7991974750E+01   3.9833103420E+01   4.2344388170E+01
O     3.9574980870E+01   3.7937372870E+01   4.7438801230E+01
O     3.9604574670E+01   3.7787637630E+01   4.3280042200E+01
O     3.7989620220E+01   3.9727838450E+01   3.8273249270E+01
O     3.9833116730E+01   3.9486802320E+01   4.0777608120E+01
O     3.7711869530E+01   3.7869615580E+01   3.5841280790E+01
O     3.9796732950E+01   3.8033384530E+01   3.3251143240E+01
