Ti    4.8205049320E+01   4.3034033650E+01   3.9069088290E+01
Ti    4.9295677610E+01   4.0184561110E+01   4.0296325920E+01
Ti    4.5878427410E+01   4.5409580980E+01   3.8031111440E+01
Ti    4.5204827660E+01   4.7087211600E+01   4.0444229480E+01
Ti    3.6123895690E+01   4.5307863560E+01   3.5440238370E+01
Ti    4.1629392700E+01   4.5294375230E+01   4.7650901690E+01
Ti    4.3823550550E+01   4.5315035830E+01   3.5800603710E+01
Ti    4.7259592010E+01   4.3726375840E+01   4.2936175920E+01
Ti    4.1285837160E+01   3.2143385150E+01   4.0322882670E+01
Ti    3.5971897380E+01   4.5384283910E+01   4.5112766280E+01
Ti    4.1668290050E+01   4.5565138880E+01   3.7981149980E+01
Ti    4.5320194890E+01   4.3384580430E+01   4.0610276860E+01
Ti    3.4158897820E+01   4.5205251480E+01   3.8171418720E+01
Ti    4.5280442110E+01   3.3983794430E+01   3.8055008310E+01
Ti    4.3797021190E+01   4.5788216730E+01   4.5463616110E+01
Ti    4.5305835570E+01   4.1640451770E+01   3.8122591820E+01
Ti    4.5502881520E+01   3.5804814230E+01   4.0386180930E+01
Ti    4.3486471510E+01   4.7307322540E+01   4.2911018400E+01
Ti    4.7295490150E+01   4.1484929770E+01   4.5073391470E+01
Ti    3.6059800330E+01   4.7311602260E+01   4.2926062940E+01
Ti    4.7285901280E+01   3.5911179740E+01   4.2762332950E+01
Ti    4.1570216160E+01   4.7652291200E+01   4.0263381720E+01
Ti    4.5287329870E+01   4.1443670990E+01   4.7896306610E+01
Ti    4.7363261350E+01   4.1451090360E+01   3.5854280070E+01
Ti    3.9831468720E+01   4.5814926790E+01   3.5131006960E+01
Ti    3.8058094120E+01   4.5212994550E+01   4.7798302650E+01
Ti    4.7672227300E+01   3.9734296170E+01   4.2638792520E+01
Ti    3.9759233800E+01   4.5613454840E+01   4.5289997630E+01
Ti    4.7368516450E+01   3.7826514410E+01   4.4929134530E+01
Ti    4.0161613020E+01   3.2067089870E+01   4.2848264880E+01
Ti    3.7940700610E+01   4.5595085480E+01   3.7876733630E+01
Ti    4.5522830530E+01   3.9607750510E+01   4.0434042770E+01
Ti    3.2898030660E+01   3.9870573230E+01   4.3941851670E+01
Ti    4.5446910470E+01   3.7812666880E+01   3.7918265920E+01
Ti    3.7744335870E+01   4.7636789550E+01   4.0350343350E+01
Ti    3.9813053850E+01   4.7774915310E+01   4.3025206170E+01
Ti    4.7282461290E+01   3.8080975410E+01   3.5586307450E+01
Ti    4.5368880660E+01   3.8086507830E+01   4.7642276030E+01
Ti    4.3490850440E+01   4.3391276060E+01   3.3132320800E+01
Ti    3.5788800050E+01   4.1810791060E+01   3.5482972320E+01
Ti    4.1330454590E+01   4.1608782080E+01   4.8309423990E+01
Ti    4.3586580730E+01   4.1657634370E+01   3.5567118000E+01
Ti    4.3229106870E+01   3.3947292410E+01   3.5335551830E+01
Ti    4.3504255140E+01   4.3541693840E+01   4.3160583950E+01
Ti    4.1675116920E+01   3.5902005550E+01   4.0269970430E+01
Ti    3.5615833130E+01   4.1571879200E+01   4.5401765410E+01
Ti    4.3326074270E+01   3.4029703810E+01   4.5217227620E+01
Ti    3.4115785510E+01   4.3525579910E+01   4.0530538120E+01
Ti    3.5614895140E+01   3.5618431470E+01   4.2906042940E+01
Ti    4.1564881770E+01   4.1676865200E+01   3.7937308710E+01
Ti    4.1625380380E+01   4.3549833140E+01   4.0356776420E+01
Ti    3.4060649920E+01   4.1556451080E+01   3.8009317600E+01
Ti    4.3486010790E+01   3.5824036510E+01   4.2892809600E+01
Ti    3.5804621120E+01   4.3508306940E+01   4.2782272410E+01
Ti    4.1713575510E+01   3.3676276860E+01   3.7802340690E+01
Ti    4.3448258780E+01   4.1616858160E+01   4.5508237840E+01
Ti    3.4137974110E+01   3.6111187700E+01   4.0357895310E+01
Ti    4.3165628710E+01   3.9808883780E+01   3.3150824050E+01
Ti    3.9666759100E+01   4.1770288870E+01   3.5455510910E+01
Ti    3.7521734670E+01   4.1698482780E+01   4.7911248360E+01
Ti    3.9604609370E+01   3.4037874670E+01   3.5699534900E+01
Ti    3.4072240380E+01   3.7995409310E+01   3.8008578470E+01
Ti    4.3575614450E+01   3.9679447300E+01   4.2890688450E+01
Ti    3.7854764160E+01   3.5792064140E+01   4.0421663270E+01
Ti    3.9666735900E+01   4.1606533620E+01   4.5454829120E+01
Ti    4.3465006060E+01   3.7829643510E+01   4.5305625230E+01
Ti    3.3702244350E+01   3.9826248780E+01   4.0772516830E+01
Ti    3.9673298900E+01   3.5915430410E+01   4.2931153680E+01
Ti    3.7871870600E+01   4.1679091290E+01   3.7992110280E+01
Ti    4.1734561000E+01   3.9704116610E+01   4.0254838040E+01
Ti    3.5381080760E+01   3.7878569190E+01   4.5375068400E+01
Ti    3.6235954200E+01   3.9772760990E+01   4.2910887980E+01
Ti    4.1691754710E+01   3.7834279930E+01   3.7846697230E+01
Ti    3.9935800460E+01   3.4205702480E+01   4.5507333120E+01
Ti    3.7908429970E+01   4.3572081200E+01   4.0437877120E+01
Ti    3.7590331370E+01   3.4071655030E+01   3.7941932260E+01
Ti    3.9807384590E+01   4.3528658070E+01   4.3068486350E+01
Ti    4.3618632310E+01   3.7571878910E+01   3.5153553520E+01
Ti    3.5779412030E+01   3.8128473060E+01   3.5446895860E+01
Ti    4.1580632730E+01   3.7964665190E+01   4.7880389170E+01
Ti    4.0166501710E+01   4.3634718850E+01   3.3110823720E+01
Ti    3.9741682530E+01   3.9995472190E+01   3.2907958990E+01
Ti    3.9800212250E+01   3.7666987430E+01   3.5086397080E+01
Ti    3.7395277760E+01   3.8081372500E+01   4.7787403440E+01
Ti    3.7881406820E+01   3.7857797150E+01   3.7744511050E+01
Ti    3.9828168960E+01   3.9667050450E+01   4.3019820660E+01
Ti    3.7940824730E+01   3.9744007850E+01   4.0297734070E+01
Ti    3.9447026940E+01   3.7826991820E+01   4.5533755460E+01
O     4.9646257900E+01   4.1903169150E+01   3.9552335270E+01
O     4.9952463180E+01   3.8638212260E+01   3.8801895440E+01
O     5.0708442650E+01   3.8993045310E+01   3.8998787780E+01
O     4.5648317490E+01   4.5658366660E+01   4.5370822790E+01
O     4.7709574440E+01   4.4738999560E+01   3.8218633890E+01
O     4.5628703210E+01   4.5770912580E+01   3.6104671320E+01
O     4.5718261680E+01   4.7284539030E+01   3.8574726590E+01
O     4.5746048830E+01   4.5305040780E+01   4.0262308690E+01
O     4.8005135250E+01   4.5409566930E+01   4.2766085640E+01
O     4.5254746350E+01   4.7826326550E+01   4.2235126640E+01
O     3.5815851620E+01   4.5483904670E+01   3.7304423630E+01
O     4.1610835110E+01   4.5284387440E+01   4.5749980410E+01
O     4.6199844080E+01   4.2614352090E+01   4.8931785320E+01
O     4.3648866890E+01   4.5431671890E+01   3.7701441440E+01
O     4.7775220420E+01   4.3343957850E+01   4.4767814270E+01
O     4.1827923240E+01   3.1660837910E+01   4.2075733410E+01
O     4.1982913050E+01   4.5867178450E+01   3.5760381840E+01
O     4.5351158380E+01   4.3540808750E+01   3.8384309720E+01
O     4.5229350170E+01   3.3941737850E+01   3.9906863370E+01
O     4.3489186900E+01   4.5918594030E+01   4.7337182180E+01
O     4.5323666120E+01   4.1566329890E+01   4.0048569550E+01
O     4.5559745450E+01   3.5833254310E+01   3.8132509870E+01
O     3.1165314150E+01   4.0487817840E+01   4.4349400480E+01
O     4.3339521470E+01   4.6918128170E+01   4.0712588410E+01
O     4.7269506560E+01   4.1525976040E+01   4.3183373610E+01
O     3.5873568410E+01   4.7594098210E+01   4.1058992720E+01
O     4.7917992500E+01   3.5996546120E+01   4.4601659380E+01
O     4.1674422830E+01   4.7743746150E+01   4.2511262970E+01
O     4.7817927150E+01   3.9786340630E+01   3.5141157840E+01
O     3.9797648700E+01   4.5516833010E+01   3.7393930480E+01
O     3.7646125980E+01   4.5438183880E+01   4.5999175970E+01
O     4.5811888980E+01   3.9716269600E+01   4.8449830170E+01
O     4.7978267780E+01   3.9669286080E+01   4.4876016260E+01
O     3.9804186770E+01   4.5854950520E+01   4.7555080790E+01
O     4.7281707860E+01   3.7841397230E+01   4.3015034340E+01
O     3.9537396250E+01   3.2155358150E+01   4.1099647970E+01
O     3.7933660640E+01   4.5625589500E+01   3.5616635490E+01
O     4.5503753000E+01   3.9716617380E+01   3.8340480370E+01
O     4.5581305710E+01   3.7694265500E+01   3.9913103600E+01
O     3.7893570280E+01   4.7567493900E+01   4.2620772800E+01
O     3.9683790620E+01   4.7484984910E+01   4.0800643720E+01
O     4.1715129880E+01   4.9518086110E+01   4.0201318470E+01
O     4.5673358710E+01   4.1490685210E+01   4.6001840350E+01
O     4.7493951470E+01   4.1917594050E+01   3.7678517900E+01
O     4.3539315760E+01   4.7591174530E+01   4.4800126170E+01
O     4.5441704730E+01   3.5666356540E+01   4.2631894290E+01
O     4.5516174920E+01   4.1532464710E+01   3.5944852550E+01
O     4.1626927380E+01   4.7491278750E+01   3.8334597010E+01
O     4.7386589800E+01   3.5597903410E+01   4.0900741980E+01
O     3.5274160150E+01   4.7155681040E+01   4.4678179110E+01
O     4.1424495920E+01   4.5432580970E+01   3.9906110400E+01
O     4.1555097350E+01   3.1847989100E+01   3.8457357630E+01
O     3.6130344650E+01   4.5395221810E+01   4.3191133690E+01
O     4.7535527460E+01   4.3160972580E+01   4.0829036980E+01
O     4.3690403410E+01   4.5491150030E+01   4.3233976490E+01
O     3.3956572350E+01   4.5346110210E+01   4.0032328000E+01
O     4.5386159350E+01   4.3442076590E+01   4.2588248150E+01
O     4.3556066790E+01   4.3623675360E+01   3.5024177760E+01
O     3.5951110960E+01   4.1559956450E+01   3.7720931970E+01
O     4.1553525220E+01   4.1594393600E+01   4.6027261510E+01
O     4.1613246360E+01   4.3527420550E+01   4.8150799390E+01
O     3.3811501900E+01   4.1198947260E+01   4.4912324420E+01
O     3.5608449970E+01   4.3639072380E+01   3.4831723420E+01
O     4.3485729580E+01   4.1696737420E+01   3.7470591640E+01
O     3.5691914570E+01   3.7050777910E+01   3.3987829000E+01
O     4.3583894190E+01   3.3716085500E+01   3.7215665210E+01
O     4.1466851350E+01   3.6490990960E+01   4.8990750370E+01
O     4.1682534140E+01   3.3702812990E+01   4.5968208030E+01
O     4.3606183530E+01   3.5675230770E+01   3.4955938620E+01
O     4.1838222240E+01   4.3546308340E+01   3.2317760000E+01
O     3.5787631140E+01   3.3587646530E+01   3.8029964750E+01
O     4.3624408330E+01   4.3565342850E+01   4.5115691640E+01
O     4.1569482700E+01   3.5964172090E+01   4.2516597800E+01
O     3.5649611640E+01   4.1704659930E+01   4.7331023990E+01
O     4.3248204940E+01   3.3927595990E+01   4.3362952500E+01
O     3.3773328870E+01   4.3404975610E+01   3.8288614700E+01
O     3.5924477530E+01   3.5763580170E+01   4.0694244130E+01
O     4.1623229170E+01   4.1611206310E+01   3.5720558360E+01
O     4.1644842060E+01   4.3590916910E+01   3.8357969870E+01
O     3.5534965570E+01   3.3821382190E+01   4.3239516470E+01
O     3.3953020030E+01   4.1758924530E+01   3.6149987820E+01
O     4.3581271950E+01   3.5966712730E+01   4.0913175750E+01
O     3.5543494390E+01   4.3549679940E+01   4.4982651790E+01
O     4.1786913630E+01   3.3951517170E+01   4.0048186850E+01
O     4.3470741450E+01   4.1759191470E+01   4.7703825580E+01
O     3.3850506630E+01   3.5668153310E+01   4.2166038770E+01
O     3.5201915830E+01   3.6102988970E+01   4.4750753460E+01
O     4.1735746480E+01   4.1583837270E+01   3.9920902590E+01
O     3.3909172480E+01   4.3613455900E+01   4.2420334920E+01
O     4.1801359510E+01   3.5851396330E+01   3.8341327430E+01
O     3.6233456570E+01   4.1699503690E+01   4.3277761490E+01
O     4.3476493320E+01   4.3642151720E+01   4.0898509760E+01
O     4.3497334740E+01   4.1595195000E+01   4.3496571010E+01
O     3.3565447140E+01   3.6129491770E+01   3.8488477220E+01
O     3.5993569800E+01   4.3475344850E+01   4.0831412590E+01
O     4.1462436070E+01   3.3419069650E+01   3.5576199320E+01
O     3.3545624570E+01   4.1681517890E+01   4.0165759350E+01
O     4.3702209910E+01   3.5875759340E+01   4.5156325130E+01
O     4.1674560780E+01   4.3491477950E+01   4.2587539500E+01
O     4.1292713550E+01   4.1856835440E+01   5.0171636210E+01
O     3.5420653880E+01   4.0782011720E+01   3.3862583660E+01
O     4.3919123120E+01   4.1599681390E+01   3.3329206110E+01
O     4.3369581810E+01   3.9768521560E+01   3.5059827690E+01
O     3.9707741870E+01   4.1786079380E+01   3.7369755450E+01
O     3.7784461000E+01   4.1622736800E+01   4.5985162530E+01
O     4.1669623010E+01   3.9705711430E+01   4.8455550460E+01
O     3.5940242910E+01   3.9959748310E+01   3.4990815950E+01
O     3.9818947680E+01   3.4105971830E+01   3.7637829620E+01
O     3.8668702560E+01   3.3215884370E+01   4.6349107570E+01
O     3.4046416500E+01   3.7987324140E+01   4.0251991010E+01
O     4.3639192810E+01   3.9727495220E+01   4.5131015000E+01
O     3.7807318910E+01   3.5692211490E+01   4.2403550320E+01
O     3.9519788090E+01   4.1476322610E+01   4.7705923590E+01
O     4.3512372680E+01   3.7808917070E+01   4.3366195560E+01
O     3.3552189050E+01   3.9758533170E+01   3.8506835020E+01
O     3.9779742540E+01   3.5872522620E+01   4.0673667890E+01
O     3.7733513110E+01   4.2010717120E+01   3.5827689280E+01
O     4.1656343410E+01   3.9731891690E+01   3.8260933250E+01
O     3.5931405110E+01   3.7853113060E+01   4.3169750740E+01
O     3.5957889550E+01   3.9715522660E+01   4.4947044680E+01
O     4.1752875090E+01   3.7769264060E+01   3.9771988390E+01
O     3.7967273040E+01   4.3680260060E+01   4.2422914340E+01
O     3.7927237280E+01   3.3279016260E+01   3.6144746450E+01
O     3.9822490600E+01   4.3363223000E+01   4.0835409880E+01
O     4.3670936190E+01   3.7958029570E+01   3.3307492670E+01
O     4.9502028940E+01   4.0060234630E+01   4.2138850080E+01
O     3.7875599310E+01   4.9494383850E+01   4.0447485850E+01
O     3.9812465230E+01   4.9681348610E+01   4.3061682260E+01
O     3.9725554360E+01   4.7711144830E+01   3.5127141180E+01
O     4.5669340180E+01   3.7819659420E+01   4.5794098550E+01
O     4.7338692230E+01   3.7927904380E+01   3.7463074630E+01
O     3.9723963060E+01   4.7550806940E+01   4.4944296340E+01
O     4.5520403160E+01   3.9714502990E+01   4.2436560040E+01
O     3.7910788750E+01   4.7427188010E+01   3.8454869150E+01
O     3.2069833540E+01   3.9624975340E+01   4.1846735900E+01
O     4.5475750500E+01   3.7805271820E+01   3.5647278760E+01
O     4.7491266040E+01   3.9758837190E+01   4.0623096860E+01
O     3.7819364610E+01   4.5447035170E+01   3.9966198760E+01
O     3.9893163910E+01   4.5531017740E+01   4.3337188880E+01
O     3.9552612600E+01   4.5457798240E+01   3.3257860440E+01
O     4.0179645270E+01   4.3626931960E+01   3.5006168170E+01
O     4.1494912600E+01   4.0022722080E+01   3.2270799390E+01
O     3.5916372030E+01   3.8051077890E+01   3.7650193710E+01
O     3.7774848880E+01   4.3507644270E+01   4.8428158360E+01
O     4.1619461680E+01   3.7777224280E+01   4.5898272660E+01
O     3.3558480110E+01   3.8365734450E+01   4.4884527150E+01
O     4.3559528980E+01   3.7762939020E+01   3.7402775080E+01
O     3.9495384920E+01   3.5736020030E+01   3.5021233470E+01
O     3.7507367610E+01   3.6694137710E+01   4.8971927010E+01
O     3.8045363480E+01   3.3891266650E+01   3.9822530720E+01
O     3.9619088160E+01   4.3567453770E+01   4.5026727310E+01
O     4.1645671530E+01   3.9652117570E+01   4.2504948980E+01
O     3.5497961750E+01   3.7966354440E+01   4.7298824210E+01
O     3.9848418470E+01   3.3781126900E+01   4.3617617600E+01
O     3.7817010050E+01   4.3665102330E+01   3.8261611260E+01
O     3.5954527600E+01   3.9668974100E+01   4.0688450500E+01
O     4.1633423250E+01   3.7638057810E+01   3.5578714290E+01
O     3.3980253800E+01   3.7857074900E+01   3.6102143670E+01
O     4.3624572020E+01   3.9573474120E+01   4.0885551420E+01
O     4.3509327150E+01   3.7852926910E+01   4.7581797690E+01
O     3.4328914160E+01   4.0020708530E+01   4.2614298860E+01
O     3.9687409060E+01   3.6020374840E+01   4.4945675050E+01
O     3.7912573000E+01   4.1693337740E+01   3.9978775310E+01
O     3.7588976070E+01   3.5921295050E+01   3.8201800570E+01
O     3.9805259350E+01   4.1629941590E+01   4.3510804280E+01
O     3.9352880980E+01   4.1936263650E+01   3.3240023080E+01
O     3.9590701760E+01   3.9926325170E+01   3.4826098150E+01
O     3.8281889220E+01   3.9788938230E+01   3.1730493490E+01
O     3.9793858610E+01   3.7668497000E+01   3.7338438890E+01
O     3.7299838960E+01   3.9837160230E+01   4.8460666240E+01
O     3.7565040520E+01   3.7791679920E+01   4.5856038700E+01
O     3.7835640050E+01   3.7740512760E+01   3.9952104830E+01
O     3.9649055490E+01   3.9704442510E+01   4.5011053080E+01
O     3.8000952420E+01   3.9868275090E+01   4.2339115030E+01
O     3.9583698160E+01   3.7960620750E+01   4.7478706420E+01
O     3.9553406750E+01   3.7797400700E+01   4.3311828320E+01
O     3.8007483020E+01   3.9734524820E+01   3.8247269940E+01
O     3.9832316870E+01   3.9425120890E+01   4.0793971780E+01
O     3.7714593090E+01   3.7892215740E+01   3.5827879670E+01
O     3.9885059210E+01   3.8044536760E+01   3.3231206290E+01
