Ti    4.8198790230E+01   4.3120848140E+01   3.9013590120E+01
Ti    4.9279916890E+01   4.0234950130E+01   4.0274695650E+01
Ti    4.5873093880E+01   4.5435264540E+01   3.8018031560E+01
Ti    4.5232963730E+01   4.7147664670E+01   4.0430707800E+01
Ti    3.6084584220E+01   4.5309643520E+01   3.5476430560E+01
Ti    4.1647511310E+01   4.5296001780E+01   4.7578124290E+01
Ti    4.3761741020E+01   4.5253025020E+01   3.5837821900E+01
Ti    4.7298542810E+01   4.3745257260E+01   4.2927384790E+01
Ti    4.1296287930E+01   3.2135534420E+01   4.0359982920E+01
Ti    3.5938817370E+01   4.5401156160E+01   4.5144161340E+01
Ti    4.1648170650E+01   4.5573999130E+01   3.8017234230E+01
Ti    4.5313162940E+01   4.3416637320E+01   4.0598582450E+01
Ti    3.4073399360E+01   4.5211047180E+01   3.8162865600E+01
Ti    4.5268354500E+01   3.3994325830E+01   3.8128077950E+01
Ti    4.3807868060E+01   4.5775224070E+01   4.5463418070E+01
Ti    4.5331218480E+01   4.1634019020E+01   3.8081911930E+01
Ti    4.5532934650E+01   3.5824342900E+01   4.0431969970E+01
Ti    4.3509726230E+01   4.7308289370E+01   4.2899133490E+01
Ti    4.7251973110E+01   4.1526516640E+01   4.5052350480E+01
Ti    3.6071340040E+01   4.7245372300E+01   4.2901679240E+01
Ti    4.7300582420E+01   3.6003701960E+01   4.2842389400E+01
Ti    4.1526568670E+01   4.7715342840E+01   4.0271609620E+01
Ti    4.5266103670E+01   4.1409105320E+01   4.7894103750E+01
Ti    4.7376275130E+01   4.1489396540E+01   3.5835906850E+01
Ti    3.9775035710E+01   4.5850565860E+01   3.5206171880E+01
Ti    3.8041116590E+01   4.5182505290E+01   4.7836737120E+01
Ti    4.7693221420E+01   3.9766765540E+01   4.2638194960E+01
Ti    3.9722324910E+01   4.5572131110E+01   4.5277984160E+01
Ti    4.7359960260E+01   3.7898006110E+01   4.5027499900E+01
Ti    4.0071161530E+01   3.2009491580E+01   4.2819745460E+01
Ti    3.7896633340E+01   4.5576525550E+01   3.7942626690E+01
Ti    4.5507005990E+01   3.9622885850E+01   4.0393904310E+01
Ti    3.2806031820E+01   3.9723818790E+01   4.3766275950E+01
Ti    4.5454772450E+01   3.7785458670E+01   3.7899936450E+01
Ti    3.7724082010E+01   4.7654224970E+01   4.0361418720E+01
Ti    3.9787203150E+01   4.7779830530E+01   4.3040106280E+01
Ti    4.7285003910E+01   3.8086848010E+01   3.5584137350E+01
Ti    4.5324871880E+01   3.8027287050E+01   4.7764223050E+01
Ti    4.3608657260E+01   4.3368314710E+01   3.3067469030E+01
Ti    3.5781241880E+01   4.1798364420E+01   3.5450120870E+01
Ti    4.1448184940E+01   4.1619179840E+01   4.8201618090E+01
Ti    4.3593502920E+01   4.1637549300E+01   3.5505399690E+01
Ti    4.3240039300E+01   3.3922299450E+01   3.5416029520E+01
Ti    4.3523081590E+01   4.3533600940E+01   4.3119781080E+01
Ti    4.1721535890E+01   3.5886586570E+01   4.0305412230E+01
Ti    3.5555404150E+01   4.1610758880E+01   4.5425905390E+01
Ti    4.3370871370E+01   3.4033862080E+01   4.5278513400E+01
Ti    3.4078784410E+01   4.3504167050E+01   4.0521327940E+01
Ti    3.5676977560E+01   3.5615207410E+01   4.2927269350E+01
Ti    4.1589000850E+01   4.1676346110E+01   3.7872754990E+01
Ti    4.1603180120E+01   4.3559334090E+01   4.0350727660E+01
Ti    3.4050405290E+01   4.1525206290E+01   3.7959022010E+01
Ti    4.3523989220E+01   3.5827165350E+01   4.2930179020E+01
Ti    3.5864600500E+01   4.3496994830E+01   4.2786653550E+01
Ti    4.1707545400E+01   3.3660903640E+01   3.7923975980E+01
Ti    4.3441836240E+01   4.1623435070E+01   4.5459712770E+01
Ti    3.4176488300E+01   3.6119348210E+01   4.0391073320E+01
Ti    4.3189977030E+01   3.9765648500E+01   3.3102492990E+01
Ti    3.9655784720E+01   4.1775802760E+01   3.5473951470E+01
Ti    3.7603179900E+01   4.1685747820E+01   4.7797313230E+01
Ti    3.9645104670E+01   3.4078020420E+01   3.5744940920E+01
Ti    3.4084673210E+01   3.7946322960E+01   3.7995329050E+01
Ti    4.3596097950E+01   3.9673138150E+01   4.2873982140E+01
Ti    3.7903138900E+01   3.5813814490E+01   4.0438485040E+01
Ti    3.9664552350E+01   4.1658986670E+01   4.5372425770E+01
Ti    4.3493675910E+01   3.7813400390E+01   4.5352320140E+01
Ti    3.3711836450E+01   3.9811294870E+01   4.0749857720E+01
Ti    3.9716966640E+01   3.5880005660E+01   4.2979180350E+01
Ti    3.7843295280E+01   4.1670791950E+01   3.7990512710E+01
Ti    4.1718286260E+01   3.9714235840E+01   4.0248139560E+01
Ti    3.5370980590E+01   3.7889246590E+01   4.5312482040E+01
Ti    3.6192151840E+01   3.9780958310E+01   4.2933654860E+01
Ti    4.1698789430E+01   3.7790984560E+01   3.7867497700E+01
Ti    3.9942599450E+01   3.4123165650E+01   4.5483188050E+01
Ti    3.7873525530E+01   4.3572130950E+01   4.0443015300E+01
Ti    3.7599377520E+01   3.4072733760E+01   3.7956418590E+01
Ti    3.9756876600E+01   4.3573145570E+01   4.2959873830E+01
Ti    4.3585632610E+01   3.7556535300E+01   3.5142614300E+01
Ti    3.5811316770E+01   3.8070953040E+01   3.5432340580E+01
Ti    4.1518002390E+01   3.7938981050E+01   4.7841748710E+01
Ti    4.0214956360E+01   4.3666203220E+01   3.3167559020E+01
Ti    3.9741198890E+01   3.9953456080E+01   3.2913340440E+01
Ti    3.9737378600E+01   3.7683629390E+01   3.5155548810E+01
Ti    3.7379398100E+01   3.8110439910E+01   4.7713024240E+01
Ti    3.7885399380E+01   3.7842852630E+01   3.7775913520E+01
Ti    3.9825860330E+01   3.9689633050E+01   4.2999201410E+01
Ti    3.7911088060E+01   3.9726515150E+01   4.0324152170E+01
Ti    3.9450176960E+01   3.7815614420E+01   4.5444392830E+01
O     4.9607756160E+01   4.1946050460E+01   3.9540549100E+01
O     5.0048114720E+01   3.8701907930E+01   3.8824411600E+01
O     5.0777530350E+01   3.8925138150E+01   3.9219509450E+01
O     4.5652216720E+01   4.5587460790E+01   4.5489060660E+01
O     4.7715104060E+01   4.4824395360E+01   3.8205231970E+01
O     4.5580191190E+01   4.5728604670E+01   3.6110865850E+01
O     4.5820916850E+01   4.7304112750E+01   3.8595023400E+01
O     4.5610327670E+01   4.5324289210E+01   4.0243510740E+01
O     4.8011239230E+01   4.5436067350E+01   4.2764612860E+01
O     4.5319110800E+01   4.7732452470E+01   4.2269713500E+01
O     3.5752480110E+01   4.5500271760E+01   3.7339278950E+01
O     4.1604354120E+01   4.5326368840E+01   4.5673607080E+01
O     4.6088825740E+01   4.2652768380E+01   4.8921009280E+01
O     4.3629841110E+01   4.5398507890E+01   3.7742913710E+01
O     4.7782021730E+01   4.3354860440E+01   4.4757480390E+01
O     4.1794844660E+01   3.1687806280E+01   4.2144175390E+01
O     4.1936243820E+01   4.5830051930E+01   3.5793726890E+01
O     4.5411480040E+01   4.3541932140E+01   3.8366445870E+01
O     4.5318147150E+01   3.3944831830E+01   3.9979872570E+01
O     4.3449208060E+01   4.5981757460E+01   4.7332316540E+01
O     4.5351251130E+01   4.1576758690E+01   4.0020252930E+01
O     4.5553477780E+01   3.5834522620E+01   3.8175552890E+01
O     3.1131662520E+01   4.0315791340E+01   4.4351024390E+01
O     4.3367865140E+01   4.7212778830E+01   4.0658852650E+01
O     4.7191407420E+01   4.1539648900E+01   4.3152715300E+01
O     3.5868679810E+01   4.7448977320E+01   4.1025563270E+01
O     4.7893979220E+01   3.6069962360E+01   4.4697176360E+01
O     4.1659417040E+01   4.7676567090E+01   4.2522661990E+01
O     4.7864246650E+01   3.9803422720E+01   3.5220955980E+01
O     3.9765453140E+01   4.5559467670E+01   3.7455541910E+01
O     3.7612218070E+01   4.5443505280E+01   4.6029221700E+01
O     4.5774112670E+01   3.9689820620E+01   4.8468591830E+01
O     4.7969714160E+01   3.9734873780E+01   4.4883370830E+01
O     3.9797311010E+01   4.5774126810E+01   4.7539517990E+01
O     4.7311533390E+01   3.7909190310E+01   4.3097633270E+01
O     3.9519134210E+01   3.2097543210E+01   4.1041297690E+01
O     3.7894160380E+01   4.5653874840E+01   3.5683755790E+01
O     4.5504623490E+01   3.9704611040E+01   3.8325490040E+01
O     4.5543005600E+01   3.7708607660E+01   3.9894925540E+01
O     3.7874659230E+01   4.7657419180E+01   4.2628152620E+01
O     3.9648343660E+01   4.7525886880E+01   4.0807651940E+01
O     4.1605378600E+01   4.9581607040E+01   4.0223006630E+01
O     4.5639525960E+01   4.1529393830E+01   4.6012656420E+01
O     4.7517781610E+01   4.1935735040E+01   3.7664033300E+01
O     4.3627477750E+01   4.7578298870E+01   4.4786898150E+01
O     4.5468593400E+01   3.5691683300E+01   4.2677841640E+01
O     4.5522529890E+01   4.1536020140E+01   3.5869909700E+01
O     4.1602078320E+01   4.7494670960E+01   3.8359027090E+01
O     4.7412650600E+01   3.5732874160E+01   4.0963184640E+01
O     3.5317302010E+01   4.7183811040E+01   4.4677255730E+01
O     4.1507538770E+01   4.5477497010E+01   3.9961734380E+01
O     4.1541178090E+01   3.1810769420E+01   3.8498173510E+01
O     3.6182865630E+01   4.5367746630E+01   4.3233810290E+01
O     4.7528952360E+01   4.3260913790E+01   4.0771537090E+01
O     4.3621983620E+01   4.5482357080E+01   4.3239103300E+01
O     3.3891593900E+01   4.5339124370E+01   4.0021718670E+01
O     4.5420805620E+01   4.3545567080E+01   4.2556077130E+01
O     4.3633796140E+01   4.3582238420E+01   3.4962336750E+01
O     3.5929002470E+01   4.1523393740E+01   3.7681910370E+01
O     4.1553949880E+01   4.1640145110E+01   4.5922423770E+01
O     4.1696118860E+01   4.3545209970E+01   4.8088597760E+01
O     3.3740102280E+01   4.1235721840E+01   4.5012872240E+01
O     3.5628101240E+01   4.3631779780E+01   3.4859090520E+01
O     4.3519754290E+01   4.1687306670E+01   3.7442448360E+01
O     3.5721912420E+01   3.7032355260E+01   3.3945192480E+01
O     4.3580336330E+01   3.3693656850E+01   3.7295948880E+01
O     4.1379926920E+01   3.6614631290E+01   4.9122167500E+01
O     4.1698556750E+01   3.3707849770E+01   4.5978188800E+01
O     4.3574288580E+01   3.5659653880E+01   3.4989653800E+01
O     4.1912460930E+01   4.3672903290E+01   3.2420860840E+01
O     3.5814009670E+01   3.3551549540E+01   3.8030834870E+01
O     4.3630407130E+01   4.3560959140E+01   4.5077208570E+01
O     4.1610575240E+01   3.5879042600E+01   4.2554148890E+01
O     3.5688982850E+01   4.1696414320E+01   4.7335777620E+01
O     4.3362783420E+01   3.3924580150E+01   4.3423759160E+01
O     3.3758797530E+01   4.3387394410E+01   3.8277069840E+01
O     3.5969953160E+01   3.5752095420E+01   4.0699769610E+01
O     4.1635440960E+01   4.1667328690E+01   3.5853945780E+01
O     4.1591412900E+01   4.3590249150E+01   3.8363016010E+01
O     3.5751861120E+01   3.3793068680E+01   4.3159639270E+01
O     3.3932326680E+01   4.1687488360E+01   3.6084923090E+01
O     4.3606359490E+01   3.5934521440E+01   4.0952467910E+01
O     3.5471700920E+01   4.3562921010E+01   4.4989487560E+01
O     4.1777780490E+01   3.3934015690E+01   3.9954519170E+01
O     4.3417557780E+01   4.1609910110E+01   4.7687615340E+01
O     3.3891404280E+01   3.5686715980E+01   4.2214053540E+01
O     3.5322481270E+01   3.6061115930E+01   4.4775342170E+01
O     4.1683710660E+01   4.1612363880E+01   3.9901198320E+01
O     3.3945056310E+01   4.3572393650E+01   4.2416069290E+01
O     4.1827649120E+01   3.5869643990E+01   3.8351526800E+01
O     3.6242899790E+01   4.1699510900E+01   4.3319057450E+01
O     4.3457572470E+01   4.3550298410E+01   4.0866286480E+01
O     4.3548902770E+01   4.1585510680E+01   4.3460253680E+01
O     3.3609738600E+01   3.6116702050E+01   3.8531729040E+01
O     3.5953530460E+01   4.3463848160E+01   4.0810886480E+01
O     4.1467210070E+01   3.3412562520E+01   3.5687443680E+01
O     3.3565409710E+01   4.1659691840E+01   4.0138966780E+01
O     4.3733042170E+01   3.5871863070E+01   4.5190623410E+01
O     4.1663621800E+01   4.3525692800E+01   4.2595738520E+01
O     4.1359379480E+01   4.1813488770E+01   5.0071634470E+01
O     3.5595463260E+01   4.0720490270E+01   3.3843470810E+01
O     4.3929469640E+01   4.1547695820E+01   3.3265219320E+01
O     4.3311607120E+01   3.9766731070E+01   3.5014684250E+01
O     3.9693682310E+01   4.1719196640E+01   3.7405171870E+01
O     3.7766756130E+01   4.1667901990E+01   4.5873174340E+01
O     4.1564838490E+01   3.9698034820E+01   4.8355336270E+01
O     3.5913373150E+01   3.9906281330E+01   3.5023210680E+01
O     3.9832204890E+01   3.4115219950E+01   3.7670358250E+01
O     3.8687788260E+01   3.3261506290E+01   4.6467095530E+01
O     3.4115515520E+01   3.7986610350E+01   4.0251542140E+01
O     4.3622446100E+01   3.9719310830E+01   4.5119724280E+01
O     3.7857647060E+01   3.5715014500E+01   4.2414315910E+01
O     3.9583184210E+01   4.1591002260E+01   4.7621559710E+01
O     4.3542716260E+01   3.7786872720E+01   4.3404126190E+01
O     3.3545862290E+01   3.9725430300E+01   3.8488083740E+01
O     3.9826476020E+01   3.5864570290E+01   4.0726352320E+01
O     3.7725043910E+01   4.1955985710E+01   3.5794735370E+01
O     4.1679387350E+01   3.9719711630E+01   3.8269932570E+01
O     3.5941171350E+01   3.7854871450E+01   4.3124062490E+01
O     3.5931551510E+01   3.9744203140E+01   4.4925774340E+01
O     4.1738169810E+01   3.7774492900E+01   3.9822434420E+01
O     3.7859801510E+01   4.3602344000E+01   4.2414517830E+01
O     3.7921535450E+01   3.3399838860E+01   3.6137455240E+01
O     3.9783865310E+01   4.3481118370E+01   4.0902585660E+01
O     4.3699956190E+01   3.7928811240E+01   3.3277968210E+01
O     4.9516334250E+01   4.0087849030E+01   4.2121136350E+01
O     3.7709783280E+01   4.9516380270E+01   4.0344041310E+01
O     3.9827924420E+01   4.9667497190E+01   4.3123511710E+01
O     3.9784259350E+01   4.7725592610E+01   3.5152158320E+01
O     4.5677953880E+01   3.7849409050E+01   4.5913567150E+01
O     4.7353713940E+01   3.7853021530E+01   3.7439140630E+01
O     3.9689953310E+01   4.7498166130E+01   4.4945609040E+01
O     4.5503411090E+01   3.9665387790E+01   4.2382110520E+01
O     3.7763360710E+01   4.7432870710E+01   3.8450305540E+01
O     3.2137217380E+01   3.9440970860E+01   4.1850298060E+01
O     4.5456440110E+01   3.7818333620E+01   3.5631181220E+01
O     4.7478249500E+01   3.9777168510E+01   4.0633589870E+01
O     3.7839848520E+01   4.5452510950E+01   3.9951590900E+01
O     3.9777461680E+01   4.5534159100E+01   4.3309953060E+01
O     3.9583554120E+01   4.5473058420E+01   3.3323390200E+01
O     4.0118179900E+01   4.3648980090E+01   3.5069532750E+01
O     4.1503140490E+01   3.9915920790E+01   3.2292396260E+01
O     3.5932413650E+01   3.8017914150E+01   3.7659387270E+01
O     3.7724481940E+01   4.3471475500E+01   4.8440028370E+01
O     4.1629857060E+01   3.7735706770E+01   4.5868785110E+01
O     3.3565313320E+01   3.8318460030E+01   4.4772510800E+01
O     4.3570149260E+01   3.7767809150E+01   3.7383876340E+01
O     3.9556336060E+01   3.5769252880E+01   3.5047901710E+01
O     3.7440613150E+01   3.6792128940E+01   4.8981094400E+01
O     3.8031801620E+01   3.3928634370E+01   3.9840600980E+01
O     3.9592631230E+01   4.3594058050E+01   4.4963468090E+01
O     4.1668791930E+01   3.9666131590E+01   4.2505753070E+01
O     3.5494177160E+01   3.8021041970E+01   4.7225202820E+01
O     3.9812132230E+01   3.3716011210E+01   4.3602177940E+01
O     3.7773338250E+01   4.3638069280E+01   3.8230651520E+01
O     3.5965188820E+01   3.9771786480E+01   4.0701716830E+01
O     4.1620742370E+01   3.7663100230E+01   3.5603527400E+01
O     3.3994964060E+01   3.7829557990E+01   3.6089026360E+01
O     4.3596109220E+01   3.9623374620E+01   4.0864303040E+01
O     4.3474521360E+01   3.7803742340E+01   4.7618487150E+01
O     3.4310699520E+01   4.0132203710E+01   4.2588063280E+01
O     3.9663617380E+01   3.5944981860E+01   4.4970432120E+01
O     3.7931653670E+01   4.1687749080E+01   3.9961012110E+01
O     3.7629889740E+01   3.5932740640E+01   3.8211168070E+01
O     3.9775731830E+01   4.1653672790E+01   4.3419152260E+01
O     3.9500338900E+01   4.1910569250E+01   3.3237219060E+01
O     3.9618022250E+01   3.9930301760E+01   3.4865351130E+01
O     3.8396100930E+01   3.9862187570E+01   3.1612931640E+01
O     3.9800493850E+01   3.7704035250E+01   3.7403122890E+01
O     3.7438277790E+01   3.9859370030E+01   4.8387610130E+01
O     3.7565414500E+01   3.7779942110E+01   4.5784157440E+01
O     3.7867524630E+01   3.7754043530E+01   4.0000437110E+01
O     3.9653204750E+01   3.9720123960E+01   4.4974963200E+01
O     3.7982899920E+01   3.9787650850E+01   4.2348872230E+01
O     3.9569364120E+01   3.7916934110E+01   4.7383338060E+01
O     3.9647814650E+01   3.7781050490E+01   4.3283601730E+01
O     3.7972021810E+01   3.9723793390E+01   3.8300023880E+01
O     3.9830710350E+01   3.9564083010E+01   4.0762429400E+01
O     3.7756468430E+01   3.7846935760E+01   3.5835849510E+01
O     3.9700411590E+01   3.8021859880E+01   3.3284240710E+01
