Ti    4.8206601000E+01   4.2988920510E+01   3.9096957370E+01
Ti    4.9303776360E+01   4.0152784800E+01   4.0300793380E+01
Ti    4.5881166570E+01   4.5393879840E+01   3.8042005530E+01
Ti    4.5183878560E+01   4.7056325320E+01   4.0453173830E+01
Ti    3.6142086910E+01   4.5307660420E+01   3.5412182380E+01
Ti    4.1620608710E+01   4.5289953710E+01   4.7684472880E+01
Ti    4.3855678060E+01   4.5343052970E+01   3.5778970920E+01
Ti    4.7247314440E+01   4.3707994050E+01   4.2941009500E+01
Ti    4.1278290360E+01   3.2141376740E+01   4.0303594810E+01
Ti    3.6003787940E+01   4.5382408780E+01   4.5101137090E+01
Ti    4.1679793570E+01   4.5558218480E+01   3.7959698120E+01
Ti    4.5320442900E+01   4.3368705150E+01   4.0602460840E+01
Ti    3.4205454090E+01   4.5207328380E+01   3.8174404010E+01
Ti    4.5277489090E+01   3.3976089880E+01   3.8011815080E+01
Ti    4.3789060520E+01   4.5790511570E+01   4.5473197080E+01
Ti    4.5291573800E+01   4.1642840550E+01   3.8142216550E+01
Ti    4.5480403050E+01   3.5791169360E+01   4.0359325560E+01
Ti    4.3475145750E+01   4.7303870550E+01   4.2919586930E+01
Ti    4.7311048650E+01   4.1457944240E+01   4.5085470740E+01
Ti    3.6062216720E+01   4.7334726540E+01   4.2933304430E+01
Ti    4.7272770920E+01   3.5865418170E+01   4.2717083590E+01
Ti    4.1596770420E+01   4.7617275660E+01   4.0262601630E+01
Ti    4.5280777440E+01   4.1464237030E+01   4.7900927840E+01
Ti    4.7354660510E+01   4.1433844120E+01   3.5869712160E+01
Ti    3.9863991590E+01   4.5804277890E+01   3.5083590880E+01
Ti    3.8067514110E+01   4.5220678870E+01   4.7778803460E+01
Ti    4.7665445670E+01   3.9714076190E+01   4.2636616080E+01
Ti    3.9774948630E+01   4.5702703120E+01   4.5308241910E+01
Ti    4.7371527530E+01   3.7784981240E+01   4.4879082020E+01
Ti    4.0212974160E+01   3.2093755850E+01   4.2859146470E+01
Ti    3.7966815970E+01   4.5600654720E+01   3.7816941750E+01
Ti    4.5527910190E+01   3.9597127450E+01   4.0456865390E+01
Ti    3.2917649450E+01   3.9918537410E+01   4.3981299490E+01
Ti    4.5442123250E+01   3.7828413660E+01   3.7920033940E+01
Ti    3.7759370210E+01   4.7638209600E+01   4.0349485100E+01
Ti    3.9827435920E+01   4.7808318780E+01   4.3019467770E+01
Ti    4.7282318520E+01   3.8076604270E+01   3.5587312420E+01
Ti    4.5393137190E+01   3.8120135490E+01   4.7581088280E+01
Ti    4.3429713990E+01   4.3403422300E+01   3.3161870590E+01
Ti    3.5791931450E+01   4.1817948410E+01   3.5495071390E+01
Ti    4.1321754810E+01   4.1603920210E+01   4.8359882720E+01
Ti    4.3581292630E+01   4.1668655150E+01   3.5593557930E+01
Ti    4.3219204290E+01   3.3958818150E+01   3.5281666570E+01
Ti    4.3505106270E+01   4.3544346710E+01   4.3182098590E+01
Ti    4.1646202390E+01   3.5903480450E+01   4.0253847190E+01
Ti    3.5656052160E+01   4.1564776010E+01   4.5400087470E+01
Ti    4.3302478700E+01   3.4027274870E+01   4.5182725370E+01
Ti    3.4134026990E+01   4.3540865930E+01   4.0533790940E+01
Ti    3.5582213070E+01   3.5621585820E+01   4.2898473530E+01
Ti    4.1555258940E+01   4.1680877610E+01   3.7946545290E+01
Ti    4.1632767160E+01   4.3549071300E+01   4.0370977910E+01
Ti    3.4069841170E+01   4.1575971240E+01   3.8032020570E+01
Ti    4.3464362570E+01   3.5828926750E+01   4.2872758000E+01
Ti    3.5786819900E+01   4.3511842190E+01   4.2784719340E+01
Ti    4.1714737780E+01   3.3678259860E+01   3.7761292710E+01
Ti    4.3452048970E+01   4.1611530350E+01   4.5537355300E+01
Ti    3.4114391920E+01   3.6114458630E+01   4.0342205890E+01
Ti    4.3152404020E+01   3.9834119590E+01   3.3175087280E+01
Ti    3.9670542090E+01   4.1771432850E+01   3.5442293720E+01
Ti    3.7467088230E+01   4.1702158030E+01   4.7965797630E+01
Ti    3.9584878370E+01   3.4020452130E+01   3.5668579930E+01
Ti    3.4069607800E+01   3.8024669560E+01   3.8014298340E+01
Ti    4.3567065050E+01   3.9685433230E+01   4.2901901130E+01
Ti    3.7827191080E+01   3.5766056320E+01   4.0414846810E+01
Ti    3.9671652470E+01   4.1577851590E+01   4.5524972380E+01
Ti    4.3452039120E+01   3.7834095460E+01   4.5286823360E+01
Ti    3.3691396210E+01   3.9838341200E+01   4.0794816310E+01
Ti    3.9647794370E+01   3.5932307100E+01   4.2914702040E+01
Ti    3.7888191670E+01   4.1691408360E+01   3.7992414500E+01
Ti    4.1741509140E+01   3.9696072450E+01   4.0283502500E+01
Ti    3.5387156070E+01   3.7874989660E+01   4.5402590920E+01
Ti    3.6260469040E+01   3.9763740380E+01   4.2904599680E+01
Ti    4.1688102730E+01   3.7873883420E+01   3.7827132410E+01
Ti    3.9929494970E+01   3.4230336240E+01   4.5517681760E+01
Ti    3.7927823350E+01   4.3568168390E+01   4.0457077470E+01
Ti    3.7587278840E+01   3.4067720370E+01   3.7937771540E+01
Ti    3.9821199170E+01   4.3444521550E+01   4.3088591300E+01
Ti    4.3629066940E+01   3.7579458650E+01   3.5153289560E+01
Ti    3.5776095440E+01   3.8158221220E+01   3.5451813120E+01
Ti    4.1624261060E+01   3.7977274030E+01   4.7895221450E+01
Ti    4.0132068360E+01   4.3618352580E+01   3.3073861480E+01
Ti    3.9735219660E+01   4.0008365760E+01   3.2906590120E+01
Ti    3.9798635940E+01   3.7661674600E+01   3.5064321000E+01
Ti    3.7403026680E+01   3.8067454450E+01   4.7823294900E+01
Ti    3.7882928400E+01   3.7869077820E+01   3.7737735330E+01
Ti    3.9830140630E+01   3.9648019850E+01   4.3025339700E+01
Ti    3.7970583840E+01   3.9755713790E+01   4.0280705250E+01
Ti    3.9443827120E+01   3.7828953200E+01   4.5568185540E+01
O     4.9662128100E+01   4.1878393820E+01   3.9563156700E+01
O     4.9906064090E+01   3.8621097140E+01   3.8766473560E+01
O     5.0659246100E+01   3.9009182120E+01   3.8899248690E+01
O     4.5643548490E+01   4.5692702380E+01   4.5340663270E+01
O     4.7707351720E+01   4.4694369590E+01   3.8229468810E+01
O     4.5657256130E+01   4.5778310450E+01   3.6107015110E+01
O     4.5674407700E+01   4.7268400070E+01   3.8571457190E+01
O     4.5800318470E+01   4.5301076560E+01   4.0274944310E+01
O     4.7999603220E+01   4.5391496570E+01   4.2770741910E+01
O     4.5219187280E+01   4.7862656630E+01   4.2217132420E+01
O     3.5845373380E+01   4.5477066170E+01   3.7275380860E+01
O     4.1604846690E+01   4.5272844290E+01   4.5783849360E+01
O     4.6259865600E+01   4.2592406720E+01   4.8923442640E+01
O     4.3660009020E+01   4.5441270530E+01   3.7677975030E+01
O     4.7769744140E+01   4.3330081550E+01   4.4777274860E+01
O     4.1848469290E+01   3.1644828020E+01   4.2038652040E+01
O     4.2006847320E+01   4.5884859190E+01   3.5740068510E+01
O     4.5325772530E+01   4.3539133420E+01   3.8435933770E+01
O     4.5175322350E+01   3.3936972050E+01   3.9863295610E+01
O     4.3505010150E+01   4.5888358760E+01   4.7347037270E+01
O     4.5306111000E+01   4.1552742880E+01   4.0064537960E+01
O     4.5565124020E+01   3.5825676410E+01   3.8108004120E+01
O     3.1190868660E+01   4.0572456870E+01   4.4382805030E+01
O     4.3328218970E+01   4.6791409280E+01   4.0749390360E+01
O     4.7308239460E+01   4.1511727550E+01   4.3198409710E+01
O     3.5884775500E+01   4.7666522000E+01   4.1073163120E+01
O     4.7920931120E+01   3.5951753200E+01   4.4548887610E+01
O     4.1684802660E+01   4.7785626550E+01   4.2505956940E+01
O     4.7791468100E+01   3.9780091820E+01   3.5113238530E+01
O     3.9819006010E+01   4.5501038230E+01   3.7350598430E+01
O     3.7681270130E+01   4.5436708820E+01   4.5975778450E+01
O     4.5827861550E+01   3.9734802620E+01   4.8433315990E+01
O     4.7977876040E+01   3.9630790550E+01   4.4870951300E+01
O     3.9808925890E+01   4.5892321640E+01   4.7579581200E+01
O     4.7272624360E+01   3.7805966190E+01   4.2970389680E+01
O     3.9547006410E+01   3.2174779060E+01   4.1126952810E+01
O     3.7953998730E+01   4.5614414410E+01   3.5559475350E+01
O     4.5496374510E+01   3.9722286760E+01   3.8334473860E+01
O     4.5594149210E+01   3.7684826500E+01   3.9917358740E+01
O     3.7904464710E+01   4.7534939320E+01   4.2620064180E+01
O     3.9709207740E+01   4.7474399240E+01   4.0802591540E+01
O     4.1781129430E+01   4.9482090730E+01   4.0185416810E+01
O     4.5685767940E+01   4.1476392950E+01   4.6004518340E+01
O     4.7480216060E+01   4.1898752840E+01   3.7694777660E+01
O     4.3499838020E+01   4.7590356000E+01   4.4809335310E+01
O     4.5423046380E+01   3.5653481330E+01   4.2604882400E+01
O     4.5511234140E+01   4.1545665920E+01   3.5976434170E+01
O     4.1646552820E+01   4.7483370760E+01   3.8326539530E+01
O     4.7364663560E+01   3.5529064950E+01   4.0863997420E+01
O     3.5270834500E+01   4.7146489900E+01   4.4680475370E+01
O     4.1379906400E+01   4.5411100390E+01   3.9877786480E+01
O     4.1561199680E+01   3.1850557180E+01   3.8437415600E+01
O     3.6104920490E+01   4.5406638740E+01   4.3174710220E+01
O     4.7531818540E+01   4.3117586830E+01   4.0858446280E+01
O     4.3723186960E+01   4.5492830160E+01   4.3242385470E+01
O     3.4005058460E+01   4.5358815760E+01   4.0036143850E+01
O     4.5376380680E+01   4.3395017270E+01   4.2610739490E+01
O     4.3524057800E+01   4.3643919870E+01   3.5051995190E+01
O     3.5964694290E+01   4.1585590770E+01   3.7735974920E+01
O     4.1567488940E+01   4.1564863470E+01   4.6075370610E+01
O     4.1574613490E+01   4.3522823210E+01   4.8187771680E+01
O     3.3847655340E+01   4.1246696700E+01   4.4911904130E+01
O     3.5602396740E+01   4.3640633210E+01   3.4815020280E+01
O     4.3475879180E+01   4.1700754940E+01   3.7486150060E+01
O     3.5680065260E+01   3.7060721620E+01   3.4007155170E+01
O     4.3581638300E+01   3.3720668940E+01   3.7161986330E+01
O     4.1505954610E+01   3.6448631170E+01   4.8930955980E+01
O     4.1674889680E+01   3.3701411340E+01   4.5964848450E+01
O     4.3613957620E+01   3.5684152510E+01   3.4927057780E+01
O     4.1799742310E+01   4.3480552310E+01   3.2283728850E+01
O     3.5778661870E+01   3.3597455880E+01   3.8018041140E+01
O     4.3624966250E+01   4.3566964640E+01   4.5137286340E+01
O     4.1542750840E+01   3.6014138750E+01   4.2497218940E+01
O     3.5631958420E+01   4.1706623130E+01   4.7338833430E+01
O     4.3184274080E+01   3.3936266930E+01   4.3329440510E+01
O     3.3777315440E+01   4.3419735120E+01   3.8295040420E+01
O     3.5899234750E+01   3.5776827300E+01   4.0693595400E+01
O     4.1617808450E+01   4.1591084050E+01   3.5725875510E+01
O     4.1669324020E+01   4.3590767890E+01   3.8359306320E+01
O     3.5437747640E+01   3.3839571200E+01   4.3274166840E+01
O     3.3961803010E+01   4.1790243470E+01   3.6178010780E+01
O     4.3561559210E+01   3.5980258830E+01   4.0892004250E+01
O     3.5584495580E+01   4.3552743430E+01   4.4983887070E+01
O     4.1776854640E+01   3.3951382160E+01   4.0020781990E+01
O     4.3465025930E+01   4.1819072750E+01   4.7731786110E+01
O     3.3826817890E+01   3.5667738130E+01   4.2145373890E+01
O     3.5133779620E+01   3.6126411440E+01   4.4739922450E+01
O     4.1752718760E+01   4.1567778300E+01   3.9933221730E+01
O     3.3891450340E+01   4.3632882750E+01   4.2419758380E+01
O     4.1799348100E+01   3.5820814440E+01   3.8336412780E+01
O     3.6224168100E+01   4.1694831430E+01   4.3264693900E+01
O     4.3485652250E+01   4.3684861720E+01   4.0918408540E+01
O     4.3472939490E+01   4.1598258270E+01   4.3521024430E+01
O     3.3551824270E+01   3.6141817010E+01   3.8465082890E+01
O     3.6009788600E+01   4.3475058760E+01   4.0843085420E+01
O     4.1457506000E+01   3.3426638290E+01   3.5531850330E+01
O     3.3550376950E+01   4.1694311530E+01   4.0181152030E+01
O     4.3684898540E+01   3.5876140380E+01   4.5136556310E+01
O     4.1683192200E+01   4.3489062170E+01   4.2596171360E+01
O     4.1250650020E+01   4.1868485830E+01   5.0218759700E+01
O     3.5341270410E+01   4.0806722370E+01   3.3877389620E+01
O     4.3913472950E+01   4.1628006670E+01   3.3357096910E+01
O     4.3398009180E+01   3.9772960400E+01   3.5081633830E+01
O     3.9710573140E+01   4.1822217010E+01   3.7351387140E+01
O     3.7791897700E+01   4.1600157850E+01   4.6048651790E+01
O     4.1712263500E+01   3.9705221550E+01   4.8508139260E+01
O     3.5961197260E+01   3.9985470380E+01   3.4967426320E+01
O     3.9809890270E+01   3.4092945160E+01   3.7611760430E+01
O     3.8653976320E+01   3.3195272440E+01   4.6293683920E+01
O     3.3996412960E+01   3.7993568170E+01   4.0251506620E+01
O     4.3646831830E+01   3.9728716200E+01   4.5139441960E+01
O     3.7780051570E+01   3.5681817900E+01   4.2400323900E+01
O     3.9544199690E+01   4.1422808550E+01   4.7719746790E+01
O     4.3501696800E+01   3.7819766030E+01   4.3350850240E+01
O     3.3558494860E+01   3.9780586010E+01   3.8524292230E+01
O     3.9749763480E+01   3.5887087090E+01   4.0654818390E+01
O     3.7738253430E+01   4.2038290600E+01   3.5840345880E+01
O     4.1642700520E+01   3.9748723520E+01   3.8237374590E+01
O     3.5944105200E+01   3.7848460690E+01   4.3194700410E+01
O     3.5970310330E+01   3.9708019790E+01   4.4962822690E+01
O     4.1755233520E+01   3.7764526470E+01   3.9740046950E+01
O     3.7975791300E+01   4.3700453030E+01   4.2458242690E+01
O     3.7930022160E+01   3.3217176130E+01   3.6112244040E+01
O     3.9839217930E+01   4.3309550850E+01   4.0858110200E+01
O     4.3653131510E+01   3.7977457750E+01   3.3316234470E+01
O     4.9499689830E+01   4.0030010680E+01   4.2141667150E+01
O     3.7957181390E+01   4.9488279710E+01   4.0487815250E+01
O     3.9799043460E+01   4.9715138730E+01   4.3027987150E+01
O     3.9709097860E+01   4.7706747330E+01   3.5101225350E+01
O     4.5665501620E+01   3.7802270530E+01   4.5736040490E+01
O     4.7332002550E+01   3.7958737650E+01   3.7471490120E+01
O     3.9745163110E+01   4.7624475530E+01   4.4953165230E+01
O     4.5528521430E+01   3.9730282680E+01   4.2461594740E+01
O     3.7971779120E+01   4.7398924440E+01   3.8468498820E+01
O     3.2055001570E+01   3.9727904720E+01   4.1890206550E+01
O     4.5483858040E+01   3.7790812250E+01   3.5648926570E+01
O     4.7496039010E+01   3.9750714550E+01   4.0615480620E+01
O     3.7814559360E+01   4.5448387790E+01   4.0066178500E+01
O     3.9947202090E+01   4.5581602670E+01   4.3377665360E+01
O     3.9544579090E+01   4.5454371200E+01   3.3216525250E+01
O     4.0197863840E+01   4.3616943240E+01   3.4965052940E+01
O     4.1487299950E+01   4.0074316820E+01   3.2272601240E+01
O     3.5912608500E+01   3.8064574310E+01   3.7640074120E+01
O     3.7791925570E+01   4.3516763170E+01   4.8417906040E+01
O     4.1614902980E+01   3.7795098710E+01   4.5910427590E+01
O     3.3561109330E+01   3.8410076090E+01   4.4936088970E+01
O     4.3554238560E+01   3.7754743560E+01   3.7405142640E+01
O     3.9463660260E+01   3.5722588710E+01   3.5001950310E+01
O     3.7535818040E+01   3.6656999490E+01   4.8975937540E+01
O     3.8045616440E+01   3.3872365650E+01   3.9816269560E+01
O     3.9645607490E+01   4.3483703410E+01   4.5038096690E+01
O     4.1637564100E+01   3.9630850270E+01   4.2470840640E+01
O     3.5500766730E+01   3.7938531430E+01   4.7331869790E+01
O     3.9867319990E+01   3.3810721150E+01   4.3620469290E+01
O     3.7847198260E+01   4.3697890660E+01   3.8297554120E+01
O     3.5935209550E+01   3.9626779330E+01   4.0691488670E+01
O     4.1624268190E+01   3.7633251790E+01   3.5562380610E+01
O     3.3979450030E+01   3.7888722760E+01   3.6104737880E+01
O     4.3637958680E+01   3.9550036090E+01   4.0896605980E+01
O     4.3532336060E+01   3.7875077500E+01   4.7565285060E+01
O     3.4342680470E+01   3.9978788450E+01   4.2638769770E+01
O     3.9697504270E+01   3.6043520580E+01   4.4943991720E+01
O     3.7910717410E+01   4.1698414380E+01   3.9982943090E+01
O     3.7570334090E+01   3.5908604330E+01   3.8198473200E+01
O     3.9831063360E+01   4.1580094710E+01   4.3528186170E+01
O     3.9284448580E+01   4.1941423890E+01   3.3238207280E+01
O     3.9574543620E+01   3.9928208710E+01   3.4811153930E+01
O     3.8231402570E+01   3.9743078640E+01   3.1789605810E+01
O     3.9790696920E+01   3.7650154970E+01   3.7317383040E+01
O     3.7247929630E+01   3.9825649450E+01   4.8495226780E+01
O     3.7563675570E+01   3.7789870130E+01   4.5890570530E+01
O     3.7817257560E+01   3.7756798770E+01   3.9896349080E+01
O     3.9645788200E+01   3.9697444910E+01   4.5029458680E+01
O     3.8010932140E+01   3.9899524820E+01   4.2327913340E+01
O     3.9589888130E+01   3.7983023410E+01   4.7516273470E+01
O     3.9494637800E+01   3.7801443960E+01   4.3342588050E+01
O     3.8027234260E+01   3.9750485840E+01   3.8215811030E+01
O     3.9829404400E+01   3.9362974500E+01   4.0804841770E+01
O     3.7716298720E+01   3.7914775030E+01   3.5822702410E+01
O     3.9958515350E+01   3.8055810890E+01   3.3217251680E+01
