Ti    4.8208378150E+01   4.2945716030E+01   3.9125189920E+01
Ti    4.9311948480E+01   4.0119046860E+01   4.0301295150E+01
Ti    4.5883923670E+01   4.5376879590E+01   3.8056498630E+01
Ti    4.5160246270E+01   4.7026379150E+01   4.0463972910E+01
Ti    3.6165150390E+01   4.5306979660E+01   3.5385809510E+01
Ti    4.1611541220E+01   4.5288575180E+01   4.7718023920E+01
Ti    4.3887747240E+01   4.5366561860E+01   3.5756616420E+01
Ti    4.7235054040E+01   4.3685092050E+01   4.2945271500E+01
Ti    4.1269041570E+01   3.2134990380E+01   4.0280012520E+01
Ti    3.6043330410E+01   4.5386508030E+01   4.5089600140E+01
Ti    4.1691246600E+01   4.5550864150E+01   3.7936470280E+01
Ti    4.5317729410E+01   4.3345298870E+01   4.0559603200E+01
Ti    3.4255943120E+01   4.5210223090E+01   3.8177656930E+01
Ti    4.5270588790E+01   3.3963506910E+01   3.7968044280E+01
Ti    4.3786919470E+01   4.5793930490E+01   4.5487368900E+01
Ti    4.5282832020E+01   4.1647826820E+01   3.8159802200E+01
Ti    4.5452558340E+01   3.5779288780E+01   4.0328874660E+01
Ti    4.3462582420E+01   4.7298747810E+01   4.2929975620E+01
Ti    4.7323848720E+01   4.1428024010E+01   4.5097411440E+01
Ti    3.6069106890E+01   4.7361660900E+01   4.2939808920E+01
Ti    4.7256012510E+01   3.5819703330E+01   4.2669324310E+01
Ti    4.1622959460E+01   4.7577005290E+01   4.0264025750E+01
Ti    4.5275133060E+01   4.1484117840E+01   4.7908768730E+01
Ti    4.7347474540E+01   4.1416825890E+01   3.5885586180E+01
Ti    3.9892764960E+01   4.5791459870E+01   3.5042201650E+01
Ti    3.8079204160E+01   4.5225324800E+01   4.7761623700E+01
Ti    4.7664213340E+01   3.9691810320E+01   4.2636277070E+01
Ti    3.9773346490E+01   4.5724425740E+01   4.5316722880E+01
Ti    4.7373048130E+01   3.7740684370E+01   4.4830030260E+01
Ti    4.0269570470E+01   3.2121208670E+01   4.2866891100E+01
Ti    3.7991915170E+01   4.5605351440E+01   3.7797067590E+01
Ti    4.5533150860E+01   3.9581711340E+01   4.0510969870E+01
Ti    3.2929779600E+01   3.9960291530E+01   4.4017267280E+01
Ti    4.5435770450E+01   3.7848938150E+01   3.7917652290E+01
Ti    3.7778534920E+01   4.7634111440E+01   4.0345734670E+01
Ti    3.9843022240E+01   4.7830052600E+01   4.3017657010E+01
Ti    4.7280781730E+01   3.8070591570E+01   3.5586429420E+01
Ti    4.5426757050E+01   3.8156888690E+01   4.7518575380E+01
Ti    4.3363059560E+01   4.3415781540E+01   3.3191780200E+01
Ti    3.5793948450E+01   4.1825124050E+01   3.5504796300E+01
Ti    4.1321650830E+01   4.1599635880E+01   4.8403279550E+01
Ti    4.3578346630E+01   4.1680548190E+01   3.5619704580E+01
Ti    4.3205293640E+01   3.3971413950E+01   3.5231724050E+01
Ti    4.3505345270E+01   4.3547030570E+01   4.3209535870E+01
Ti    4.1613991150E+01   3.5901320430E+01   4.0227636680E+01
Ti    3.5702812760E+01   4.1559333410E+01   4.5403239120E+01
Ti    4.3277602330E+01   3.4024418050E+01   4.5147321880E+01
Ti    3.4154637910E+01   4.3558222820E+01   4.0540929660E+01
Ti    3.5548393410E+01   3.5627751420E+01   4.2893012180E+01
Ti    4.1543808450E+01   4.1697841280E+01   3.7951858300E+01
Ti    4.1635903180E+01   4.3546748140E+01   4.0428364370E+01
Ti    3.4076362640E+01   4.1598792760E+01   3.8055312910E+01
Ti    4.3441122030E+01   3.5834543100E+01   4.2851563370E+01
Ti    3.5792152120E+01   4.3515524320E+01   4.2786158030E+01
Ti    4.1712495050E+01   3.3671815980E+01   3.7723202280E+01
Ti    4.3457018680E+01   4.1604012440E+01   4.5565396950E+01
Ti    3.4089652680E+01   3.6123134300E+01   4.0328413640E+01
Ti    4.3136900460E+01   3.9861017150E+01   3.3198845420E+01
Ti    3.9671136630E+01   4.1775708040E+01   3.5430075020E+01
Ti    3.7415954040E+01   4.1706092430E+01   4.8020732520E+01
Ti    3.9568834280E+01   3.4005415970E+01   3.5639186990E+01
Ti    3.4067603850E+01   3.8058241080E+01   3.8021683730E+01
Ti    4.3557303500E+01   3.9691452860E+01   4.2916549470E+01
Ti    3.7798746100E+01   3.5711218930E+01   4.0418351220E+01
Ti    3.9672300290E+01   4.1551348460E+01   4.5645326600E+01
Ti    4.3437024330E+01   3.7836167510E+01   4.5271400520E+01
Ti    3.3663944460E+01   3.9853288750E+01   4.0819568140E+01
Ti    3.9621769570E+01   3.5948108540E+01   4.2897505410E+01
Ti    3.7897518310E+01   4.1706169360E+01   3.7992691690E+01
Ti    4.1754380370E+01   3.9688603570E+01   4.0308303610E+01
Ti    3.5387190170E+01   3.7872051270E+01   4.5427660120E+01
Ti    3.6278510130E+01   3.9755335800E+01   4.2894527320E+01
Ti    4.1685398610E+01   3.7909692810E+01   3.7803950450E+01
Ti    3.9921945470E+01   3.4248985000E+01   4.5526982860E+01
Ti    3.7945319700E+01   4.3576023420E+01   4.0465635030E+01
Ti    3.7582017790E+01   3.4069379780E+01   3.7951885820E+01
Ti    3.9831259940E+01   4.3412242770E+01   4.3114958560E+01
Ti    4.3637432730E+01   3.7588627630E+01   3.5149742190E+01
Ti    3.5772723070E+01   3.8190298600E+01   3.5457843420E+01
Ti    4.1712978020E+01   3.7984562100E+01   4.7919299030E+01
Ti    4.0096757880E+01   4.3601277650E+01   3.3034550180E+01
Ti    3.9725555370E+01   4.0019573220E+01   3.2906750650E+01
Ti    3.9793212540E+01   3.7658117650E+01   3.5043882320E+01
Ti    3.7396238680E+01   3.8053088570E+01   4.7858586850E+01
Ti    3.7884261060E+01   3.7881416010E+01   3.7753014640E+01
Ti    3.9829680140E+01   3.9631221850E+01   4.3029634890E+01
Ti    3.8036279170E+01   3.9772937460E+01   4.0255327250E+01
Ti    3.9435431180E+01   3.7828453100E+01   4.5598436690E+01
O     4.9676592230E+01   4.1853724650E+01   3.9576483740E+01
O     4.9857932920E+01   3.8611192640E+01   3.8720208630E+01
O     5.0607546710E+01   3.9017522710E+01   3.8809471330E+01
O     4.5642959740E+01   4.5728185100E+01   4.5329047820E+01
O     4.7705728580E+01   4.4651464820E+01   3.8241986560E+01
O     4.5685782760E+01   4.5779490420E+01   3.6111694740E+01
O     4.5636104790E+01   4.7249618110E+01   3.8570660960E+01
O     4.5846445530E+01   4.5302427500E+01   4.0291297870E+01
O     4.7994157540E+01   4.5369543410E+01   4.2778311800E+01
O     4.5184099420E+01   4.7889184810E+01   4.2202609080E+01
O     3.5880867600E+01   4.5467729810E+01   3.7250689860E+01
O     4.1602088350E+01   4.5267948650E+01   4.5818581820E+01
O     4.6313586590E+01   4.2575493320E+01   4.8913473790E+01
O     4.3674912660E+01   4.5448697140E+01   3.7653686520E+01
O     4.7763703090E+01   4.3311984390E+01   4.4787432370E+01
O     4.1874520190E+01   3.1639097830E+01   4.1998034350E+01
O     4.2029176090E+01   4.5900903710E+01   3.5718449680E+01
O     4.5308422650E+01   4.3534527190E+01   3.8548178030E+01
O     4.5118644210E+01   3.3931836220E+01   3.9818638300E+01
O     4.3520863100E+01   4.5864605820E+01   4.7360388230E+01
O     4.5294541750E+01   4.1518531370E+01   4.0076612810E+01
O     4.5570052930E+01   3.5807570290E+01   3.8081223100E+01
O     3.1218485050E+01   4.0663693790E+01   4.4428175230E+01
O     4.3317243770E+01   4.6681282070E+01   4.0789323360E+01
O     4.7345186200E+01   4.1493086860E+01   4.3212810210E+01
O     3.5903507880E+01   4.7731283610E+01   4.1084392670E+01
O     4.7917991740E+01   3.5902737820E+01   4.4494421370E+01
O     4.1695788500E+01   4.7828640730E+01   4.2500202380E+01
O     4.7763187850E+01   3.9773327050E+01   3.5089759230E+01
O     3.9835294830E+01   4.5492598760E+01   3.7314598670E+01
O     3.7739437340E+01   4.5449725460E+01   4.5945482470E+01
O     4.5842369570E+01   3.9753735340E+01   4.8422715040E+01
O     4.7975987550E+01   3.9589312940E+01   4.4867642070E+01
O     3.9813326560E+01   4.5923453860E+01   4.7591241720E+01
O     4.7265866650E+01   3.7769906510E+01   4.2925682690E+01
O     3.9558330610E+01   3.2190139320E+01   4.1152896260E+01
O     3.7976348790E+01   4.5602870630E+01   3.5535747970E+01
O     4.5491869200E+01   3.9733507550E+01   3.8263580830E+01
O     4.5599971130E+01   3.7682823160E+01   3.9914288770E+01
O     3.7916169850E+01   4.7512539120E+01   4.2617509690E+01
O     3.9735536950E+01   4.7460037520E+01   4.0807160060E+01
O     4.1850079700E+01   4.9441136140E+01   4.0166362400E+01
O     4.5697402730E+01   4.1462368490E+01   4.6009723980E+01
O     4.7471888580E+01   4.1880056070E+01   3.7710786380E+01
O     4.3462340530E+01   4.7587788850E+01   4.4819858510E+01
O     4.5400947080E+01   3.5643189590E+01   4.2574304770E+01
O     4.5509428300E+01   4.1572954820E+01   3.5997852850E+01
O     4.1665208920E+01   4.7475659480E+01   3.8322152820E+01
O     4.7336394930E+01   3.5461562710E+01   4.0824168990E+01
O     3.5278263340E+01   4.7144312680E+01   4.4685148610E+01
O     4.1351125480E+01   4.5378985300E+01   3.9848305570E+01
O     4.1564846200E+01   3.1839640370E+01   3.8415037760E+01
O     3.6089572230E+01   4.5422731920E+01   4.3160576190E+01
O     4.7520626770E+01   4.3076562950E+01   4.0887176880E+01
O     4.3755655380E+01   4.5494108690E+01   4.3256431280E+01
O     3.4059667410E+01   4.5373504960E+01   4.0040592700E+01
O     4.5367699850E+01   4.3349113620E+01   4.2670116350E+01
O     4.3490928830E+01   4.3662761700E+01   3.5079875190E+01
O     3.5973626680E+01   4.1611444160E+01   3.7748728970E+01
O     4.1582595450E+01   4.1546398290E+01   4.6117669870E+01
O     4.1543660690E+01   4.3520539380E+01   4.8225270310E+01
O     3.3890977260E+01   4.1284887310E+01   4.4905530330E+01
O     3.5600495730E+01   4.3642125930E+01   3.4798054930E+01
O     4.3470452530E+01   4.1710597490E+01   3.7502444320E+01
O     3.5669520490E+01   3.7071517180E+01   3.4028262450E+01
O     4.3574057940E+01   3.3720298060E+01   3.7111882470E+01
O     4.1538481950E+01   3.6411903300E+01   4.8879235070E+01
O     4.1666642450E+01   3.3697429030E+01   4.5960129380E+01
O     4.3612462080E+01   3.5694634320E+01   3.4898372870E+01
O     4.1761101780E+01   4.3417188040E+01   3.2250684670E+01
O     3.5772699810E+01   3.3599286930E+01   3.7998273240E+01
O     4.3627264160E+01   4.3571582490E+01   4.5162014860E+01
O     4.1512268400E+01   3.6062529230E+01   4.2468261920E+01
O     3.5605770450E+01   4.1711884260E+01   4.7350314680E+01
O     4.3117740160E+01   3.3946959260E+01   4.3295829650E+01
O     3.3778996020E+01   4.3437884840E+01   3.8306219140E+01
O     3.5874436560E+01   3.5797637850E+01   4.0694143380E+01
O     4.1613480920E+01   4.1575051970E+01   3.5729950350E+01
O     4.1689760530E+01   4.3607454970E+01   3.8253956160E+01
O     3.5347359930E+01   3.3861740410E+01   4.3307275290E+01
O     3.3967814050E+01   4.1821939220E+01   3.6205168290E+01
O     4.3537441050E+01   3.5986669200E+01   4.0867177010E+01
O     3.5641204670E+01   4.3558646860E+01   4.4982891540E+01
O     4.1759055410E+01   3.3951432010E+01   3.9987421490E+01
O     4.3460857800E+01   4.1869924450E+01   4.7757530280E+01
O     3.3801830970E+01   3.5667979480E+01   4.2125789040E+01
O     3.5059271760E+01   3.6152617270E+01   4.4728736050E+01
O     4.1767284100E+01   4.1563569370E+01   3.9940326320E+01
O     3.3895237690E+01   4.3652419330E+01   4.2424763430E+01
O     4.1791400580E+01   3.5824623750E+01   3.8312248700E+01
O     3.6223661960E+01   4.1687935040E+01   4.3256362110E+01
O     4.3500800890E+01   4.3714881260E+01   4.0945507460E+01
O     4.3447790000E+01   4.1600858860E+01   4.3546828950E+01
O     3.3543841070E+01   3.6157092790E+01   3.8442267010E+01
O     3.6030874530E+01   4.3481931970E+01   4.0849264390E+01
O     4.1450847530E+01   3.3427561040E+01   3.5491861500E+01
O     3.3553203440E+01   4.1710543080E+01   4.0198891660E+01
O     4.3665339840E+01   3.5875623250E+01   4.5115537960E+01
O     4.1690037700E+01   4.3491318440E+01   4.2601070760E+01
O     4.1224520340E+01   4.1875695690E+01   5.0260248710E+01
O     3.5266716700E+01   4.0827524000E+01   3.3894983150E+01
O     4.3903947720E+01   4.1658191750E+01   3.3383658480E+01
O     4.3420509830E+01   3.9779582130E+01   3.5102763920E+01
O     3.9709016450E+01   4.1860170290E+01   3.7333483940E+01
O     3.7787383640E+01   4.1592474050E+01   4.6111854590E+01
O     4.1753071230E+01   3.9703760330E+01   4.8559148020E+01
O     3.5985724780E+01   4.0011478030E+01   3.4939704780E+01
O     3.9794584820E+01   3.4071021010E+01   3.7586935260E+01
O     3.8638901280E+01   3.3174495120E+01   4.6239934330E+01
O     3.3934726810E+01   3.8002696510E+01   4.0250683550E+01
O     4.3654637720E+01   3.9727436110E+01   4.5150252160E+01
O     3.7751899750E+01   3.5666409850E+01   4.2401136680E+01
O     3.9568960420E+01   4.1382557090E+01   4.7695752050E+01
O     4.3490348370E+01   3.7828356360E+01   4.3338241570E+01
O     3.3561233400E+01   3.9806404470E+01   3.8542914040E+01
O     3.9714371130E+01   3.5899526150E+01   4.0633812290E+01
O     3.7740637910E+01   4.2065311800E+01   3.5850957850E+01
O     4.1629172460E+01   3.9769933830E+01   3.8207626860E+01
O     3.5958007830E+01   3.7844832360E+01   4.3219587040E+01
O     3.5980461870E+01   3.9700470700E+01   4.4983449440E+01
O     4.1758769290E+01   3.7760721060E+01   3.9706720180E+01
O     3.7984867520E+01   4.3720828600E+01   4.2481041120E+01
O     3.7944230270E+01   3.3126260450E+01   3.6004642860E+01
O     3.9847341500E+01   4.3270811300E+01   4.0884317950E+01
O     4.3636926690E+01   3.8000371850E+01   3.3322319150E+01
O     4.9499880560E+01   3.9994047610E+01   4.2140590150E+01
O     3.8033244830E+01   4.9477919240E+01   4.0519465650E+01
O     3.9788196640E+01   4.9740417850E+01   4.2997359100E+01
O     3.9697959600E+01   4.7698885270E+01   3.5069863510E+01
O     4.5659684680E+01   3.7783879580E+01   4.5676929630E+01
O     4.7327401120E+01   3.7974628810E+01   3.7475997780E+01
O     3.9765079140E+01   4.7656091460E+01   4.4955227820E+01
O     4.5536770200E+01   3.9736644290E+01   4.2492902040E+01
O     3.8030091300E+01   4.7394534060E+01   3.8470907400E+01
O     3.2033017640E+01   3.9812930920E+01   4.1933596910E+01
O     4.5490399200E+01   3.7772162180E+01   3.5646957520E+01
O     4.7501766500E+01   3.9740101760E+01   4.0601985500E+01
O     3.7822456990E+01   4.5451689070E+01   4.0053272720E+01
O     3.9988181750E+01   4.5605676690E+01   4.3389690810E+01
O     3.9535436920E+01   4.5449167420E+01   3.3180068340E+01
O     4.0216525620E+01   4.3606147640E+01   3.4921274290E+01
O     4.1476116470E+01   4.0119623730E+01   3.2277377750E+01
O     3.5908210840E+01   3.8080166610E+01   3.7628198360E+01
O     3.7809400920E+01   4.3522870900E+01   4.8409894270E+01
O     4.1610234700E+01   3.7812087630E+01   4.5935487440E+01
O     3.3557743620E+01   3.8449325310E+01   4.4981834750E+01
O     4.3549123710E+01   3.7747481280E+01   3.7403176150E+01
O     3.9436132780E+01   3.5711905750E+01   3.4984612790E+01
O     3.7552449970E+01   3.6625933030E+01   4.8985915740E+01
O     3.8039505500E+01   3.3842612540E+01   3.9818098460E+01
O     3.9666361470E+01   4.3482649060E+01   4.5059172300E+01
O     4.1630807800E+01   3.9607795030E+01   4.2443901390E+01
O     3.5493435530E+01   3.7913452540E+01   4.7360637780E+01
O     3.9882198270E+01   3.3838714680E+01   4.3621488430E+01
O     3.7871859910E+01   4.3713652830E+01   3.8317503520E+01
O     3.5884672300E+01   3.9576825810E+01   4.0701021650E+01
O     4.1612662250E+01   3.7636411140E+01   3.5542411120E+01
O     3.3977328860E+01   3.7929029160E+01   3.6108320400E+01
O     4.3645913460E+01   3.9526736280E+01   4.0909331800E+01
O     4.3573023030E+01   3.7886321730E+01   4.7550511320E+01
O     3.4347286180E+01   3.9945906260E+01   4.2663862660E+01
O     3.9712736460E+01   3.6063263160E+01   4.4943773270E+01
O     3.7909774560E+01   4.1710655680E+01   3.9987743580E+01
O     3.7551810750E+01   3.5895132980E+01   3.8206379820E+01
O     3.9857854460E+01   4.1556800490E+01   4.3480113350E+01
O     3.9219058710E+01   4.1944805220E+01   3.3237656830E+01
O     3.9564259250E+01   3.9933070310E+01   3.4799743440E+01
O     3.8184967010E+01   3.9698146800E+01   3.1847503410E+01
O     3.9785684660E+01   3.7638131760E+01   3.7296897550E+01
O     3.7196260460E+01   3.9814877750E+01   4.8527674660E+01
O     3.7555599140E+01   3.7778598740E+01   4.5923269580E+01
O     3.7801205100E+01   3.7834200200E+01   3.9769657180E+01
O     3.9639544420E+01   3.9703849990E+01   4.5059040780E+01
O     3.8016650380E+01   3.9924602590E+01   4.2309915820E+01
O     3.9563630080E+01   3.8013725150E+01   4.7546496220E+01
O     3.9430505110E+01   3.7806167750E+01   4.3371174850E+01
O     3.8051259680E+01   3.9774205930E+01   3.8176267450E+01
O     3.9840602170E+01   3.9302005190E+01   4.0816137560E+01
O     3.7716640790E+01   3.7937779180E+01   3.5820992050E+01
O     4.0015523700E+01   3.8067486280E+01   3.3205742830E+01
