Ti    4.8209525110E+01   4.2903144770E+01   3.9152376760E+01
Ti    4.9322038270E+01   4.0084584930E+01   4.0299398080E+01
Ti    4.5889863490E+01   4.5361344290E+01   3.8072193790E+01
Ti    4.5138165480E+01   4.7001813220E+01   4.0476359970E+01
Ti    3.6188490060E+01   4.5305200290E+01   3.5362583240E+01
Ti    4.1602844790E+01   4.5288535390E+01   4.7749909390E+01
Ti    4.3921568560E+01   4.5386272100E+01   3.5733827740E+01
Ti    4.7225327670E+01   4.3658884660E+01   4.2948147610E+01
Ti    4.1259824650E+01   3.2134676310E+01   4.0252377980E+01
Ti    3.6090482230E+01   4.5394250680E+01   4.5074237570E+01
Ti    4.1705541350E+01   4.5548760770E+01   3.7911313780E+01
Ti    4.5313501540E+01   4.3321485280E+01   4.0536310040E+01
Ti    3.4307433560E+01   4.5213963990E+01   3.8184149100E+01
Ti    4.5260668790E+01   3.3950201420E+01   3.7924617630E+01
Ti    4.3785777260E+01   4.5798291440E+01   4.5505338160E+01
Ti    4.5278082570E+01   4.1646437850E+01   3.8177145250E+01
Ti    4.5419319210E+01   3.5762076470E+01   4.0296385890E+01
Ti    4.3451980700E+01   4.7291521300E+01   4.2942692100E+01
Ti    4.7338369900E+01   4.1396012390E+01   4.5108400350E+01
Ti    3.6077535930E+01   4.7389592760E+01   4.2944842250E+01
Ti    4.7235042640E+01   3.5773226890E+01   4.2619432910E+01
Ti    4.1648692380E+01   4.7533213850E+01   4.0266692380E+01
Ti    4.5272908950E+01   4.1502560690E+01   4.7920207530E+01
Ti    4.7342195080E+01   4.1400057820E+01   3.5900271850E+01
Ti    3.9920604920E+01   4.5778985310E+01   3.5004074080E+01
Ti    3.8091429960E+01   4.5226974740E+01   4.7747608230E+01
Ti    4.7663664220E+01   3.9666960820E+01   4.2634577100E+01
Ti    3.9766889160E+01   4.5747601920E+01   4.5327440840E+01
Ti    4.7376122760E+01   3.7693598130E+01   4.4781411710E+01
Ti    4.0333569640E+01   3.2156678100E+01   4.2872522860E+01
Ti    3.8017311100E+01   4.5618222850E+01   3.7778131580E+01
Ti    4.5550232770E+01   3.9563398300E+01   4.0523899920E+01
Ti    3.2947561030E+01   4.0005363750E+01   4.4054574770E+01
Ti    4.5430019090E+01   3.7865519240E+01   3.7912268170E+01
Ti    3.7798912870E+01   4.7630090750E+01   4.0339424180E+01
Ti    3.9858500650E+01   4.7830620940E+01   4.3014853250E+01
Ti    4.7278214560E+01   3.8063501440E+01   3.5582789470E+01
Ti    4.5456622380E+01   3.8197357760E+01   4.7453984990E+01
Ti    4.3287921740E+01   4.3428124680E+01   3.3222741530E+01
Ti    3.5794680980E+01   4.1832112140E+01   3.5512682230E+01
Ti    4.1315836790E+01   4.1598513760E+01   4.8433740080E+01
Ti    4.3577398640E+01   4.1692816150E+01   3.5645009880E+01
Ti    4.3191239550E+01   3.3985366040E+01   3.5183888930E+01
Ti    4.3504111890E+01   4.3549125190E+01   4.3241919900E+01
Ti    4.1576420890E+01   3.5906296890E+01   4.0197235010E+01
Ti    3.5814965720E+01   4.1553451490E+01   4.5429724210E+01
Ti    4.3250846570E+01   3.4020399570E+01   4.5110430620E+01
Ti    3.4176870560E+01   4.3576421570E+01   4.0551171250E+01
Ti    3.5514003310E+01   3.5636653430E+01   4.2889743380E+01
Ti    4.1533075080E+01   4.1710076620E+01   3.7954356940E+01
Ti    4.1642279150E+01   4.3543459380E+01   4.0468269610E+01
Ti    3.4079175570E+01   4.1624271860E+01   3.8079235270E+01
Ti    4.3415204230E+01   3.5840323470E+01   4.2827831950E+01
Ti    3.5802372630E+01   4.3518464870E+01   4.2790295280E+01
Ti    4.1706641160E+01   3.3680527410E+01   3.7683149280E+01
Ti    4.3466410660E+01   4.1594808160E+01   4.5593367010E+01
Ti    3.4065862960E+01   3.6139055720E+01   4.0316375740E+01
Ti    4.3119337340E+01   3.9888736570E+01   3.3222763650E+01
Ti    3.9671266250E+01   4.1782941550E+01   3.5416867500E+01
Ti    3.7369773380E+01   4.1713345980E+01   4.8067340660E+01
Ti    3.9552233450E+01   3.3988613650E+01   3.5603245140E+01
Ti    3.4065272960E+01   3.8095696370E+01   3.8030529070E+01
Ti    4.3549896530E+01   3.9698996990E+01   4.2936942270E+01
Ti    3.7768865950E+01   3.5684561260E+01   4.0421169860E+01
Ti    3.9662085510E+01   4.1488022160E+01   4.5744106680E+01
Ti    4.3428417110E+01   3.7835698070E+01   4.5255893600E+01
Ti    3.3652002050E+01   3.9867887380E+01   4.0843716790E+01
Ti    3.9594734660E+01   3.5978339350E+01   4.2880629520E+01
Ti    3.7905607240E+01   4.1726795640E+01   3.7988093530E+01
Ti    4.1773889160E+01   3.9663357600E+01   4.0360688850E+01
Ti    3.5392712530E+01   3.7868151960E+01   4.5455088480E+01
Ti    3.6293035160E+01   3.9746031400E+01   4.2867970330E+01
Ti    4.1685663210E+01   3.7926110260E+01   3.7789980070E+01
Ti    3.9913208510E+01   3.4268176660E+01   4.5532500390E+01
Ti    3.7962787320E+01   4.3588455940E+01   4.0465039880E+01
Ti    3.7582810720E+01   3.4045520500E+01   3.7940276830E+01
Ti    3.9844369200E+01   4.3396879810E+01   4.3140142490E+01
Ti    4.3644289850E+01   3.7600227030E+01   3.5144691220E+01
Ti    3.5769000830E+01   3.8224654100E+01   3.5465381410E+01
Ti    4.1766532720E+01   3.7989986030E+01   4.7937236260E+01
Ti    4.0061917330E+01   4.3585222450E+01   3.2995680850E+01
Ti    3.9712364790E+01   4.0030255870E+01   3.2907610760E+01
Ti    3.9784324110E+01   3.7656597710E+01   3.5028324300E+01
Ti    3.7387952830E+01   3.8041579580E+01   4.7893835850E+01
Ti    3.7883547580E+01   3.7896796790E+01   3.7749270180E+01
Ti    3.9837055720E+01   3.9631508800E+01   4.2980517660E+01
Ti    3.8044032150E+01   3.9786605320E+01   4.0227585680E+01
Ti    3.9429779040E+01   3.7816369660E+01   4.5643998640E+01
O     4.9689376870E+01   4.1829594460E+01   3.9591363300E+01
O     4.9809167900E+01   3.8606026430E+01   3.8668819040E+01
O     5.0556306560E+01   3.9021801330E+01   3.8727702150E+01
O     4.5642159870E+01   4.5767293940E+01   4.5332827260E+01
O     4.7708778780E+01   4.4610895170E+01   3.8257069180E+01
O     4.5715535600E+01   4.5777424780E+01   3.6116897700E+01
O     4.5601974810E+01   4.7233072360E+01   3.8571326310E+01
O     4.5889463290E+01   4.5308420370E+01   4.0306156270E+01
O     4.7988529170E+01   4.5345618370E+01   4.2787527990E+01
O     4.5152466050E+01   4.7910388890E+01   4.2192877280E+01
O     3.5915604270E+01   4.5461284920E+01   3.7228410280E+01
O     4.1596704270E+01   4.5262506350E+01   4.5852583350E+01
O     4.6362798650E+01   4.2563500320E+01   4.8904043230E+01
O     4.3691194300E+01   4.5455278680E+01   3.7629067800E+01
O     4.7760654960E+01   4.3290999320E+01   4.4797120000E+01
O     4.1904722100E+01   3.1640771390E+01   4.1951720160E+01
O     4.2052133730E+01   4.5916318540E+01   3.5693994930E+01
O     4.5294286580E+01   4.3530558840E+01   3.8576362250E+01
O     4.5059111980E+01   3.3921889330E+01   3.9772540040E+01
O     4.3535377170E+01   4.5848323640E+01   4.7376688640E+01
O     4.5285669760E+01   4.1498235530E+01   4.0091192200E+01
O     4.5572083300E+01   3.5786234380E+01   3.8052908560E+01
O     3.1254496440E+01   4.0757601870E+01   4.4481095060E+01
O     4.3310371050E+01   4.6587484650E+01   4.0830220350E+01
O     4.7384440680E+01   4.1471176160E+01   4.3226127250E+01
O     3.5925547140E+01   4.7790066730E+01   4.1092228390E+01
O     4.7909899510E+01   3.5848665180E+01   4.4437958520E+01
O     4.1706045330E+01   4.7855715850E+01   4.2494027630E+01
O     4.7734198770E+01   3.9766117810E+01   3.5068459290E+01
O     3.9853391650E+01   4.5491692410E+01   3.7282870970E+01
O     3.7800570510E+01   4.5466102080E+01   4.5922706570E+01
O     4.5857058580E+01   3.9770483540E+01   4.8417494910E+01
O     4.7975308240E+01   3.9544848590E+01   4.4863295150E+01
O     3.9817465400E+01   4.5949716440E+01   4.7603589950E+01
O     4.7260755260E+01   3.7732853730E+01   4.2880552450E+01
O     3.9572126940E+01   3.2200808940E+01   4.1178450310E+01
O     3.7998477820E+01   4.5592445580E+01   3.5514860860E+01
O     4.5491003620E+01   3.9735156490E+01   3.8276838640E+01
O     4.5610115940E+01   3.7665098050E+01   3.9913037260E+01
O     3.7927065060E+01   4.7489889880E+01   4.2612099010E+01
O     3.9761867000E+01   4.7433540110E+01   4.0810282410E+01
O     4.1917805790E+01   4.9395080370E+01   4.0151381680E+01
O     4.5712420740E+01   4.1447366230E+01   4.6017252130E+01
O     4.7465910310E+01   4.1857444250E+01   3.7727035340E+01
O     4.3425110450E+01   4.7584270120E+01   4.4831964320E+01
O     4.5374831460E+01   3.5636439600E+01   4.2541423260E+01
O     4.5509881530E+01   4.1597993510E+01   3.6020134230E+01
O     4.1683394880E+01   4.7468145190E+01   3.8318418340E+01
O     4.7304376270E+01   3.5392325890E+01   4.0783014750E+01
O     3.5299054500E+01   4.7147235750E+01   4.4693777070E+01
O     4.1339617380E+01   4.5348685150E+01   3.9819373610E+01
O     4.1570521820E+01   3.1842477400E+01   3.8387749530E+01
O     3.6079737960E+01   4.5440326480E+01   4.3144840290E+01
O     4.7505517450E+01   4.3038289940E+01   4.0915601280E+01
O     4.3789090320E+01   4.5494456720E+01   4.3274873740E+01
O     3.4117464170E+01   4.5389448480E+01   4.0048152050E+01
O     4.5360599980E+01   4.3303699810E+01   4.2753246750E+01
O     4.3459736450E+01   4.3680580130E+01   3.5108219160E+01
O     3.5979756360E+01   4.1639113930E+01   3.7758107110E+01
O     4.1584772840E+01   4.1537115480E+01   4.6150868760E+01
O     4.1519990870E+01   4.3519538980E+01   4.8260270980E+01
O     3.3957741940E+01   4.1316596710E+01   4.4896742940E+01
O     3.5599732800E+01   4.3643012140E+01   3.4782628520E+01
O     4.3467117090E+01   4.1713379270E+01   3.7519198670E+01
O     3.5660531920E+01   3.7083219060E+01   3.4052568020E+01
O     4.3562692050E+01   3.3727606770E+01   3.7064486960E+01
O     4.1585114640E+01   3.6380879920E+01   4.8838582220E+01
O     4.1656046740E+01   3.3692121350E+01   4.5951516490E+01
O     4.3604952400E+01   3.5707582200E+01   3.4869791230E+01
O     4.1721313380E+01   4.3358554370E+01   3.2215131170E+01
O     3.5771177460E+01   3.3580682560E+01   3.7953336600E+01
O     4.3633929810E+01   4.3579388930E+01   4.5191199390E+01
O     4.1477762740E+01   3.6110780770E+01   4.2433259720E+01
O     3.5559017420E+01   4.1720100020E+01   4.7378992690E+01
O     4.3046315130E+01   3.3959304730E+01   4.3261572940E+01
O     3.3779066110E+01   4.3459060540E+01   3.8321686570E+01
O     3.5849261330E+01   3.5831663860E+01   4.0701757360E+01
O     4.1611126490E+01   4.1562215230E+01   3.5730628540E+01
O     4.1710599950E+01   4.3614332990E+01   3.8229546000E+01
O     3.5263176730E+01   3.3887116610E+01   4.3339959140E+01
O     3.3967202990E+01   4.1855725510E+01   3.6232347250E+01
O     4.3509317410E+01   3.5989314660E+01   4.0838564070E+01
O     3.5703477550E+01   4.3570343330E+01   4.4982766110E+01
O     4.1730259650E+01   3.3959008140E+01   3.9953071750E+01
O     4.3456806550E+01   4.1911900280E+01   4.7780077470E+01
O     3.3776055010E+01   3.5664194050E+01   4.2105062610E+01
O     3.4983206770E+01   3.6183090940E+01   4.4718062040E+01
O     4.1780348150E+01   4.1550064600E+01   3.9943865910E+01
O     3.3904362430E+01   4.3671778090E+01   4.2433246440E+01
O     4.1760744800E+01   3.5837313390E+01   3.8284491310E+01
O     3.6229708070E+01   4.1678670130E+01   4.3255325860E+01
O     4.3520377560E+01   4.3733254560E+01   4.0977378930E+01
O     4.3412441550E+01   4.1603112140E+01   4.3574673120E+01
O     3.3543656140E+01   3.6174748850E+01   3.8420743840E+01
O     3.6053974690E+01   4.3491483180E+01   4.0856715830E+01
O     4.1443819740E+01   3.3429198850E+01   3.5449778700E+01
O     3.3555745990E+01   4.1727928440E+01   4.0219037450E+01
O     4.3648413060E+01   3.5873032210E+01   4.5091272710E+01
O     4.1695497950E+01   4.3495432060E+01   4.2579024940E+01
O     4.1197311450E+01   4.1875339660E+01   5.0289609440E+01
O     3.5194953810E+01   4.0844825140E+01   3.3915918260E+01
O     4.3888996740E+01   4.1690572280E+01   3.3408301360E+01
O     4.3442950910E+01   3.9787047950E+01   3.5123160230E+01
O     3.9708277670E+01   4.1906211000E+01   3.7314486040E+01
O     3.7719888520E+01   4.1594505920E+01   4.6137724230E+01
O     4.1797534030E+01   3.9702124820E+01   4.8600127400E+01
O     3.6009679050E+01   4.0037652760E+01   3.4908698480E+01
O     3.9784187250E+01   3.4047044800E+01   3.7556445560E+01
O     3.8625883340E+01   3.3156534450E+01   4.6184917400E+01
O     3.3871993880E+01   3.8018121690E+01   4.0251295520E+01
O     4.3667603220E+01   3.9724513110E+01   4.5162969190E+01
O     3.7724371760E+01   3.5652431120E+01   4.2407583810E+01
O     3.9539552430E+01   4.1363703060E+01   4.7749919350E+01
O     4.3469102350E+01   3.7837079090E+01   4.3324539510E+01
O     3.3559659950E+01   3.9835336420E+01   3.8561907460E+01
O     3.9679614140E+01   3.5911828490E+01   4.0613636180E+01
O     3.7742014130E+01   4.2092088610E+01   3.5855168040E+01
O     4.1608592310E+01   3.9782127720E+01   3.8161374370E+01
O     3.5972496830E+01   3.7842848220E+01   4.3244494560E+01
O     3.5982792670E+01   3.9688496420E+01   4.5012655060E+01
O     4.1771115990E+01   3.7762845000E+01   3.9685654230E+01
O     3.7995598210E+01   4.3739373080E+01   4.2498605600E+01
O     3.7952388390E+01   3.3067737000E+01   3.5977917890E+01
O     3.9854924880E+01   4.3248969610E+01   4.0910719490E+01
O     4.3621134960E+01   3.8025322650E+01   3.3326936350E+01
O     4.9502184200E+01   3.9954555830E+01   4.2137823200E+01
O     3.8108545050E+01   4.9465727080E+01   4.0546154930E+01
O     3.9781561820E+01   4.9745122500E+01   4.2976266480E+01
O     3.9690055480E+01   4.7690416530E+01   3.5035563810E+01
O     4.5658131820E+01   3.7763169570E+01   4.5620421550E+01
O     4.7319658850E+01   3.7992163920E+01   3.7477044310E+01
O     3.9782604050E+01   4.7679287130E+01   4.4953760580E+01
O     4.5541952150E+01   3.9742017660E+01   4.2516828160E+01
O     3.8086810540E+01   4.7399807980E+01   3.8468932770E+01
O     3.2016848320E+01   3.9892923760E+01   4.1978378500E+01
O     4.5495039950E+01   3.7754723550E+01   3.5643007840E+01
O     4.7512189840E+01   3.9726114690E+01   4.0594148060E+01
O     3.7828471810E+01   4.5459452790E+01   4.0038051090E+01
O     4.0015106020E+01   4.5605951670E+01   4.3397706280E+01
O     3.9522929890E+01   4.5442672050E+01   3.3147801980E+01
O     4.0236274480E+01   4.3596215640E+01   3.4876959610E+01
O     4.1461605260E+01   4.0157887350E+01   3.2284289050E+01
O     3.5904267140E+01   3.8097378560E+01   3.7622493200E+01
O     3.7819623240E+01   4.3528900600E+01   4.8402396800E+01
O     4.1610400080E+01   3.7826653090E+01   4.5954473700E+01
O     3.3552467490E+01   3.8487723780E+01   4.5025538040E+01
O     4.3546209600E+01   3.7745293690E+01   3.7399802010E+01
O     3.9408399660E+01   3.5701910710E+01   3.4968699580E+01
O     3.7573204420E+01   3.6599342430E+01   4.8997131840E+01
O     3.8019175620E+01   3.3811306630E+01   3.9817093150E+01
O     3.9671876820E+01   4.3520872990E+01   4.5067500370E+01
O     4.1633282890E+01   3.9590948850E+01   4.2394498580E+01
O     3.5483544760E+01   3.7889894880E+01   4.7393462480E+01
O     3.9893164780E+01   3.3876822550E+01   4.3615939930E+01
O     3.7893359330E+01   4.3732457730E+01   3.8328141220E+01
O     3.5871268780E+01   3.9544253700E+01   4.0686966380E+01
O     4.1595983610E+01   3.7639369630E+01   3.5530108520E+01
O     3.3975054400E+01   3.7976512840E+01   3.6113942910E+01
O     4.3670401890E+01   3.9497478860E+01   4.0902231380E+01
O     4.3606559850E+01   3.7896146580E+01   4.7535272170E+01
O     3.4353061790E+01   3.9915372400E+01   4.2683134670E+01
O     3.9730599970E+01   3.6083230090E+01   4.4945403820E+01
O     3.7913149870E+01   4.1726103310E+01   3.9986557840E+01
O     3.7523621130E+01   3.5858251960E+01   3.8215197940E+01
O     3.9877414950E+01   4.1539666820E+01   4.3549660480E+01
O     3.9158144680E+01   4.1948271960E+01   3.3236577300E+01
O     3.9554062600E+01   3.9940736910E+01   3.4790574510E+01
O     3.8140797950E+01   3.9656937390E+01   3.1903836320E+01
O     3.9775972930E+01   3.7620168530E+01   3.7281825560E+01
O     3.7152094450E+01   3.9807654480E+01   4.8549878850E+01
O     3.7546920240E+01   3.7772406460E+01   4.5958906290E+01
O     3.7786910400E+01   3.7827094890E+01   3.9745985550E+01
O     3.9615588250E+01   3.9685772840E+01   4.5194106950E+01
O     3.8024961760E+01   3.9948233920E+01   4.2288045700E+01
O     3.9548727830E+01   3.8009192840E+01   4.7593263020E+01
O     3.9393391160E+01   3.7832834160E+01   4.3411444470E+01
O     3.8070067740E+01   3.9790421380E+01   3.8146308700E+01
O     3.9834944000E+01   3.9254919100E+01   4.0788782700E+01
O     3.7714933420E+01   3.7961423130E+01   3.5819496900E+01
O     4.0058675170E+01   3.8079127560E+01   3.3198543970E+01
