Ti    4.8209032040E+01   4.2860294570E+01   3.9179638450E+01
Ti    4.9333380410E+01   4.0049737790E+01   4.0296767220E+01
Ti    4.5896223560E+01   4.5345932430E+01   3.8088836460E+01
Ti    4.5119376770E+01   4.6981023520E+01   4.0490053400E+01
Ti    3.6211851400E+01   4.5302882850E+01   3.5341292420E+01
Ti    4.1594706830E+01   4.5291057950E+01   4.7782102490E+01
Ti    4.3953520670E+01   4.5401599640E+01   3.5710638760E+01
Ti    4.7216741470E+01   4.3629832320E+01   4.2953464070E+01
Ti    4.1249198290E+01   3.2134374280E+01   4.0220191530E+01
Ti    3.6128658440E+01   4.5406107700E+01   4.5057132100E+01
Ti    4.1723012200E+01   4.5541261390E+01   3.7893663770E+01
Ti    4.5309664580E+01   4.3297010100E+01   4.0539918410E+01
Ti    3.4360749220E+01   4.5218925340E+01   3.8194084470E+01
Ti    4.5250893170E+01   3.3936367760E+01   3.7881373270E+01
Ti    4.3786223020E+01   4.5804015780E+01   4.5525946050E+01
Ti    4.5274528530E+01   4.1641313980E+01   3.8191826030E+01
Ti    4.5383393130E+01   3.5739632330E+01   4.0262656410E+01
Ti    4.3443159990E+01   4.7283563030E+01   4.2956719310E+01
Ti    4.7348943980E+01   4.1362759930E+01   4.5120209250E+01
Ti    3.6087209040E+01   4.7417881060E+01   4.2945860260E+01
Ti    4.7211113250E+01   3.5726380400E+01   4.2568511920E+01
Ti    4.1675357330E+01   4.7499948360E+01   4.0269805480E+01
Ti    4.5265681150E+01   4.1519581820E+01   4.7932178730E+01
Ti    4.7337959030E+01   4.1382404180E+01   3.5914710120E+01
Ti    3.9949537450E+01   4.5765714240E+01   3.4968940850E+01
Ti    3.8102228250E+01   4.5233942030E+01   4.7742169580E+01
Ti    4.7658498380E+01   3.9640367520E+01   4.2630732290E+01
Ti    3.9779239400E+01   4.5761485960E+01   4.5335800520E+01
Ti    4.7376771140E+01   3.7643512190E+01   4.4735483220E+01
Ti    4.0408076030E+01   3.2202727320E+01   4.2872310720E+01
Ti    3.8044838150E+01   4.5631709530E+01   3.7757925680E+01
Ti    4.5563991300E+01   3.9542122020E+01   4.0526306120E+01
Ti    3.2970722360E+01   4.0052931480E+01   4.4091930450E+01
Ti    4.5426129610E+01   3.7872176320E+01   3.7904029340E+01
Ti    3.7819160820E+01   4.7625919500E+01   4.0329611050E+01
Ti    3.9873399670E+01   4.7823586900E+01   4.3010519040E+01
Ti    4.7275316520E+01   3.8056558340E+01   3.5575974450E+01
Ti    4.5476619360E+01   3.8244881040E+01   4.7385787860E+01
Ti    4.3199853450E+01   4.3439993900E+01   3.3257903080E+01
Ti    3.5799787440E+01   4.1838888170E+01   3.5520575100E+01
Ti    4.1306781030E+01   4.1607523880E+01   4.8472863210E+01
Ti    4.3577883320E+01   4.1704083470E+01   3.5669823290E+01
Ti    4.3175232420E+01   3.4001997590E+01   3.5134388290E+01
Ti    4.3499131160E+01   4.3551064170E+01   4.3279292890E+01
Ti    4.1538119070E+01   3.5905531380E+01   4.0170541400E+01
Ti    3.5882379210E+01   4.1541470540E+01   4.5442204530E+01
Ti    4.3223007490E+01   3.4015321650E+01   4.5071817610E+01
Ti    3.4204425730E+01   4.3596101170E+01   4.0564178490E+01
Ti    3.5481473470E+01   3.5654880560E+01   4.2887577300E+01
Ti    4.1523656100E+01   4.1714794990E+01   3.7956874070E+01
Ti    4.1653363020E+01   4.3541170990E+01   4.0489384900E+01
Ti    3.4080752410E+01   4.1652683470E+01   3.8101253990E+01
Ti    4.3388966190E+01   3.5846157000E+01   4.2804190720E+01
Ti    3.5814808590E+01   4.3518738600E+01   4.2798405560E+01
Ti    4.1701923670E+01   3.3692768760E+01   3.7641137060E+01
Ti    4.3462427370E+01   4.1579781460E+01   4.5628842150E+01
Ti    3.4040160870E+01   3.6158436330E+01   4.0306691970E+01
Ti    4.3099291450E+01   3.9916415390E+01   3.3246136880E+01
Ti    3.9672695280E+01   4.1791997160E+01   3.5404539800E+01
Ti    3.7358234310E+01   4.1719598380E+01   4.8121840900E+01
Ti    3.9532788500E+01   3.3972896330E+01   3.5570605750E+01
Ti    3.4061848840E+01   3.8133963890E+01   3.8038551140E+01
Ti    4.3539548500E+01   3.9715505970E+01   4.2993149770E+01
Ti    3.7735538440E+01   3.5677515020E+01   4.0415302850E+01
Ti    3.9653000990E+01   4.1461937520E+01   4.5793128350E+01
Ti    4.3417690430E+01   3.7830375750E+01   4.5242085720E+01
Ti    3.3662472250E+01   3.9885077300E+01   4.0869350870E+01
Ti    3.9567088380E+01   3.6010098500E+01   4.2857684680E+01
Ti    3.7915429940E+01   4.1737669420E+01   3.7982709990E+01
Ti    4.1778592220E+01   3.9634118040E+01   4.0365058040E+01
Ti    3.5400194210E+01   3.7865404580E+01   4.5487520810E+01
Ti    3.6301014660E+01   3.9715862830E+01   4.2768155890E+01
Ti    4.1687522720E+01   3.7938267520E+01   3.7775811500E+01
Ti    3.9903337110E+01   3.4280262290E+01   4.5534382570E+01
Ti    3.7982464130E+01   4.3597773480E+01   4.0440368090E+01
Ti    3.7578643320E+01   3.4026361350E+01   3.7925510870E+01
Ti    3.9860323470E+01   4.3385782040E+01   4.3173302700E+01
Ti    4.3650947050E+01   3.7614863740E+01   3.5139236380E+01
Ti    3.5763045630E+01   3.8260646440E+01   3.5472920990E+01
Ti    4.1802415390E+01   3.7988735850E+01   4.7951478830E+01
Ti    4.0028996740E+01   4.3570620620E+01   3.2957320770E+01
Ti    3.9695990920E+01   4.0041224970E+01   3.2909148040E+01
Ti    3.9775962860E+01   3.7654282730E+01   3.5012878690E+01
Ti    3.7388927880E+01   3.8025615390E+01   4.7930516700E+01
Ti    3.7878493730E+01   3.7909363450E+01   3.7735578300E+01
Ti    3.9844760890E+01   3.9633812830E+01   4.2990850330E+01
Ti    3.8038033660E+01   3.9789479860E+01   4.0215259770E+01
Ti    3.9426332890E+01   3.7804680910E+01   4.5683099580E+01
O     4.9700752610E+01   4.1806223920E+01   3.9608705860E+01
O     4.9762061070E+01   3.8603894880E+01   3.8617345100E+01
O     5.0507294640E+01   3.9025203500E+01   3.8653135150E+01
O     4.5641148300E+01   4.5808653600E+01   4.5345462330E+01
O     4.7710222200E+01   4.4570669520E+01   3.8273889490E+01
O     4.5742523130E+01   4.5787680490E+01   3.6103536080E+01
O     4.5572936820E+01   4.7216587060E+01   3.8571103610E+01
O     4.5929482640E+01   4.5318973780E+01   4.0319886350E+01
O     4.7982122740E+01   4.5319186430E+01   4.2800083410E+01
O     4.5127115140E+01   4.7923754120E+01   4.2188957050E+01
O     3.5950407770E+01   4.5456856570E+01   3.7207780730E+01
O     4.1593433220E+01   4.5256145250E+01   4.5887049390E+01
O     4.6402281760E+01   4.2553250720E+01   4.8893500540E+01
O     4.3708783670E+01   4.5458069250E+01   3.7603482280E+01
O     4.7766396230E+01   4.3264837960E+01   4.4806873870E+01
O     4.1939980680E+01   3.1645862070E+01   4.1897411010E+01
O     4.2073864220E+01   4.5927675770E+01   3.5675026970E+01
O     4.5275972540E+01   4.3526536550E+01   3.8584009690E+01
O     4.4997551920E+01   3.3907497860E+01   3.9724765260E+01
O     4.3548909800E+01   4.5837728860E+01   4.7395588530E+01
O     4.5282380820E+01   4.1482595400E+01   4.0100869000E+01
O     4.5572004210E+01   3.5765985080E+01   3.8024400710E+01
O     3.1300031390E+01   4.0857400670E+01   4.4532713370E+01
O     4.3306770380E+01   4.6511655720E+01   4.0869057530E+01
O     4.7419047280E+01   4.1446050650E+01   4.3239807270E+01
O     3.5949423550E+01   4.7847924550E+01   4.1095943190E+01
O     4.7897600950E+01   3.5791554720E+01   4.4380325040E+01
O     4.1716320190E+01   4.7875996490E+01   4.2488346480E+01
O     4.7706699680E+01   3.9759207040E+01   3.5047225900E+01
O     3.9875673930E+01   4.5479575260E+01   3.7253910410E+01
O     3.7833615800E+01   4.5483029780E+01   4.5918026370E+01
O     4.5867826770E+01   3.9786913710E+01   4.8414923520E+01
O     4.7972834210E+01   3.9497764350E+01   4.4856275580E+01
O     3.9821912370E+01   4.5975466700E+01   4.7614152520E+01
O     4.7251235340E+01   3.7696326110E+01   4.2836702180E+01
O     3.9588496890E+01   3.2214686670E+01   4.1202734070E+01
O     3.8020749590E+01   4.5583697190E+01   3.5494052610E+01
O     4.5494434280E+01   3.9732006840E+01   3.8279212730E+01
O     4.5628913440E+01   3.7640008510E+01   3.9912060920E+01
O     3.7937859190E+01   4.7466906540E+01   4.2602913010E+01
O     3.9788556280E+01   4.7408589530E+01   4.0810760510E+01
O     4.1984560430E+01   4.9356635350E+01   4.0137554730E+01
O     4.5718388870E+01   4.1434348750E+01   4.6022693400E+01
O     4.7459636310E+01   4.1833856910E+01   3.7743272690E+01
O     4.3390149120E+01   4.7580733910E+01   4.4844766720E+01
O     4.5346830960E+01   3.5629400280E+01   4.2507326390E+01
O     4.5511584430E+01   4.1618754850E+01   3.6038116660E+01
O     4.1702358400E+01   4.7454744070E+01   3.8315778150E+01
O     4.7270864070E+01   3.5316070190E+01   4.0743108720E+01
O     3.5320785610E+01   4.7157627230E+01   4.4697703670E+01
O     4.1329237130E+01   4.5329592690E+01   3.9802142890E+01
O     4.1576989080E+01   3.1848920770E+01   3.8355435100E+01
O     3.6070359980E+01   4.5458743390E+01   4.3128286080E+01
O     4.7493721100E+01   4.3001265530E+01   4.0944381700E+01
O     4.3815633160E+01   4.5493527170E+01   4.3296441320E+01
O     3.4179542970E+01   4.5406810260E+01   4.0059106180E+01
O     4.5348406360E+01   4.3264226430E+01   4.2761388060E+01
O     4.3432444640E+01   4.3694888490E+01   3.5139098530E+01
O     3.5984739950E+01   4.1666571080E+01   3.7759587630E+01
O     4.1577280420E+01   4.1512737220E+01   4.6192245190E+01
O     4.1498131500E+01   4.3521824900E+01   4.8294378290E+01
O     3.4015842760E+01   4.1357809890E+01   4.4890634200E+01
O     3.5600444610E+01   4.3642640830E+01   3.4769767710E+01
O     4.3462982350E+01   4.1708724000E+01   3.7536003400E+01
O     3.5648688270E+01   3.7094936400E+01   3.4078833530E+01
O     4.3552529680E+01   3.3738863390E+01   3.7014739050E+01
O     4.1635374110E+01   3.6350651260E+01   4.8808300520E+01
O     4.1644773980E+01   3.3683065720E+01   4.5939496430E+01
O     4.3594126050E+01   3.5723559080E+01   3.4840101780E+01
O     4.1680347890E+01   4.3305406350E+01   3.2172805260E+01
O     3.5765771460E+01   3.3555939570E+01   3.7916761660E+01
O     4.3630174810E+01   4.3598250820E+01   4.5225816340E+01
O     4.1442344990E+01   3.6161799740E+01   4.2396391480E+01
O     3.5562770830E+01   4.1732006900E+01   4.7391902120E+01
O     4.2966304690E+01   3.3972937340E+01   4.3227267880E+01
O     3.3779555870E+01   4.3483601470E+01   3.8341560660E+01
O     3.5820470860E+01   3.5856907990E+01   4.0707934040E+01
O     4.1610056430E+01   4.1550588770E+01   3.5737058760E+01
O     4.1739854060E+01   4.3613004410E+01   3.8246315710E+01
O     3.5189053830E+01   3.3920842110E+01   4.3370970390E+01
O     3.3952269450E+01   4.1893845860E+01   3.6259278400E+01
O     4.3480621760E+01   3.5988821540E+01   4.0809489090E+01
O     3.5772032800E+01   4.3583465360E+01   4.4983201040E+01
O     4.1702794830E+01   3.3964711340E+01   3.9917202690E+01
O     4.3446916680E+01   4.1941672340E+01   4.7807169280E+01
O     3.3749881360E+01   3.5662614240E+01   4.2086693240E+01
O     3.4904234960E+01   3.6221598910E+01   4.4705102510E+01
O     4.1787207510E+01   4.1552118510E+01   3.9949923140E+01
O     3.3916533730E+01   4.3689159450E+01   4.2444152530E+01
O     4.1734932950E+01   3.5849350890E+01   3.8258580880E+01
O     3.6243126770E+01   4.1653784880E+01   4.3258580030E+01
O     4.3532410320E+01   4.3734898220E+01   4.1011883710E+01
O     4.3380037310E+01   4.1611423170E+01   4.3616333650E+01
O     3.3540954620E+01   3.6196020770E+01   3.8402968620E+01
O     3.6084236080E+01   4.3501690680E+01   4.0869323830E+01
O     4.1434198290E+01   3.3434186620E+01   3.5406231610E+01
O     3.3568277310E+01   4.1746377990E+01   4.0240089250E+01
O     4.3632779890E+01   3.5868094000E+01   4.5066594960E+01
O     4.1702589490E+01   4.3489167240E+01   4.2578465440E+01
O     4.1187077950E+01   4.1873148790E+01   5.0328985580E+01
O     3.5124948630E+01   4.0860824010E+01   3.3942237590E+01
O     4.3865655200E+01   4.1725250480E+01   3.3431225120E+01
O     4.3463244360E+01   3.9794250990E+01   3.5142216490E+01
O     3.9709897560E+01   4.1949182770E+01   3.7297725760E+01
O     3.7736422090E+01   4.1592816580E+01   4.6192445550E+01
O     4.1833023150E+01   3.9691349860E+01   4.8645090250E+01
O     3.6029242700E+01   4.0064158530E+01   3.4876708350E+01
O     3.9774219920E+01   3.4037413570E+01   3.7528798540E+01
O     3.8611328020E+01   3.3137017330E+01   4.6128010370E+01
O     3.3838096060E+01   3.8040223830E+01   4.0251167880E+01
O     4.3678583580E+01   3.9718322450E+01   4.5178229530E+01
O     3.7695478880E+01   3.5658799480E+01   4.2407448490E+01
O     3.9527514350E+01   4.1337737930E+01   4.7813410120E+01
O     4.3448780800E+01   3.7845330570E+01   4.3311921820E+01
O     3.3563928770E+01   3.9866125280E+01   3.8582670700E+01
O     3.9644203390E+01   3.5915603340E+01   4.0590092690E+01
O     3.7745376090E+01   4.2114431770E+01   3.5858869610E+01
O     4.1590463880E+01   3.9787457450E+01   3.8175003090E+01
O     3.5991197840E+01   3.7847491360E+01   4.3276051170E+01
O     3.5990543120E+01   3.9675337720E+01   4.5047547770E+01
O     4.1763866270E+01   3.7753330470E+01   3.9663631430E+01
O     3.8008738570E+01   4.3756071470E+01   4.2539898420E+01
O     3.7953590720E+01   3.3025930530E+01   3.5973801300E+01
O     3.9863687070E+01   4.3234836370E+01   4.0941483040E+01
O     4.3605774590E+01   3.8051485720E+01   3.3330594830E+01
O     4.9500006440E+01   3.9910840760E+01   4.2135125260E+01
O     3.8181028740E+01   4.9452844260E+01   4.0567040940E+01
O     3.9780718720E+01   4.9742898920E+01   4.2957082770E+01
O     3.9686905950E+01   4.7680618900E+01   3.5002011030E+01
O     4.5653984320E+01   3.7739207150E+01   4.5566194160E+01
O     4.7313588990E+01   3.8006978040E+01   3.7473822590E+01
O     3.9799451780E+01   4.7697856180E+01   4.4953038430E+01
O     4.5521877120E+01   3.9746050990E+01   4.2525276170E+01
O     3.8145801210E+01   4.7405488860E+01   3.8463094650E+01
O     3.2016499070E+01   3.9971043010E+01   4.2017379810E+01
O     4.5499430550E+01   3.7736053120E+01   3.5636512850E+01
O     4.7522268640E+01   3.9710884750E+01   4.0583321280E+01
O     3.7832372070E+01   4.5469795650E+01   4.0021148280E+01
O     4.0042666930E+01   4.5599025980E+01   4.3411201380E+01
O     3.9509855060E+01   4.5435858660E+01   3.3119228020E+01
O     4.0261149810E+01   4.3585908650E+01   3.4831741270E+01
O     4.1443884330E+01   4.0189226000E+01   3.2291456470E+01
O     3.5898220190E+01   3.8113243570E+01   3.7613514300E+01
O     3.7823667230E+01   4.3541192370E+01   4.8406743130E+01
O     4.1609212430E+01   3.7837770430E+01   4.5968981330E+01
O     3.3541908530E+01   3.8528011440E+01   4.5068604790E+01
O     4.3544056580E+01   3.7746687300E+01   3.7396290760E+01
O     3.9382091260E+01   3.5691417630E+01   3.4953082110E+01
O     3.7587268580E+01   3.6573640810E+01   4.9018171540E+01
O     3.8003965790E+01   3.3796505420E+01   3.9809868490E+01
O     3.9688354980E+01   4.3514910110E+01   4.5106670750E+01
O     4.1638973800E+01   3.9593806830E+01   4.2393702470E+01
O     3.5481606130E+01   3.7858325450E+01   4.7431882850E+01
O     3.9896788840E+01   3.3918300780E+01   4.3605886160E+01
O     3.7913206730E+01   4.3746498600E+01   3.8344360950E+01
O     3.5888484100E+01   3.9532913820E+01   4.0806371900E+01
O     4.1578634680E+01   3.7643456840E+01   3.5518444280E+01
O     3.3969658130E+01   3.8028444200E+01   3.6119100350E+01
O     4.3681823080E+01   3.9452303000E+01   4.0808798060E+01
O     4.3632132510E+01   3.7906611820E+01   4.7520765990E+01
O     3.4353957250E+01   3.9898023230E+01   4.2717198330E+01
O     3.9752592470E+01   3.6101190920E+01   4.4963668020E+01
O     3.7915863600E+01   4.1733994140E+01   3.9983441300E+01
O     3.7489041570E+01   3.5827344470E+01   3.8213820150E+01
O     3.9892888920E+01   4.1533884710E+01   4.3606528660E+01
O     3.9102438930E+01   4.1952579250E+01   3.3236845070E+01
O     3.9546273870E+01   3.9950327390E+01   3.4782889040E+01
O     3.8097808750E+01   3.9619699070E+01   3.1959824030E+01
O     3.9762688800E+01   3.7603539650E+01   3.7266250440E+01
O     3.7113143860E+01   3.9796261480E+01   4.8574636440E+01
O     3.7542836140E+01   3.7749340990E+01   4.5996335330E+01
O     3.7763771680E+01   3.7822739120E+01   3.9726625990E+01
O     3.9602113330E+01   3.9671270730E+01   4.5219448330E+01
O     3.8055559130E+01   3.9995205360E+01   4.2285378410E+01
O     3.9554615620E+01   3.7992914340E+01   4.7635635500E+01
O     3.9360344240E+01   3.7848485910E+01   4.3441773980E+01
O     3.8078756380E+01   3.9800490060E+01   3.8127258440E+01
O     3.9824707430E+01   3.9210766660E+01   4.0805312390E+01
O     3.7712302380E+01   3.7987319350E+01   3.5811187030E+01
O     4.0092645090E+01   3.8089388700E+01   3.3191216410E+01
