Ti    4.8210097280E+01   4.2818153890E+01   3.9203634080E+01
Ti    4.9338215660E+01   4.0014048610E+01   4.0293720180E+01
Ti    4.5906531560E+01   4.5324660150E+01   3.8139266150E+01
Ti    4.5099219160E+01   4.6976990400E+01   4.0503467960E+01
Ti    3.6235810440E+01   4.5300087790E+01   3.5321487400E+01
Ti    4.1588449890E+01   4.5296250120E+01   4.7817055600E+01
Ti    4.3980048570E+01   4.5412530250E+01   3.5687234900E+01
Ti    4.7205092020E+01   4.3599936320E+01   4.2960298670E+01
Ti    4.1237257260E+01   3.2131020380E+01   4.0182332190E+01
Ti    3.6159892410E+01   4.5426846980E+01   4.5043891250E+01
Ti    4.1742491290E+01   4.5530334190E+01   3.7879154910E+01
Ti    4.5300266730E+01   4.3237702720E+01   4.0565367360E+01
Ti    3.4416169180E+01   4.5224826190E+01   3.8207100200E+01
Ti    4.5240114180E+01   3.3922770810E+01   3.7837780070E+01
Ti    4.3793401100E+01   4.5808071230E+01   4.5547938880E+01
Ti    4.5272299670E+01   4.1639708880E+01   3.8206884650E+01
Ti    4.5344967220E+01   3.5714934580E+01   4.0227711520E+01
Ti    4.3435773800E+01   4.7271728340E+01   4.2971308910E+01
Ti    4.7356514530E+01   4.1336859630E+01   4.5134320450E+01
Ti    3.6097781490E+01   4.7450641900E+01   4.2944181380E+01
Ti    4.7183961070E+01   3.5677905590E+01   4.2516543780E+01
Ti    4.1702325800E+01   4.7470604990E+01   4.0272344120E+01
Ti    4.5258099820E+01   4.1535108480E+01   4.7949369750E+01
Ti    4.7333861670E+01   4.1363318990E+01   3.5928485970E+01
Ti    3.9979069070E+01   4.5750229970E+01   3.4935685650E+01
Ti    3.8110619290E+01   4.5241184830E+01   4.7741827610E+01
Ti    4.7643832190E+01   3.9612305040E+01   4.2625359410E+01
Ti    3.9800157920E+01   4.5764450730E+01   4.5346440210E+01
Ti    4.7373044780E+01   3.7586609390E+01   4.4690606750E+01
Ti    4.0503579680E+01   3.2266818030E+01   4.2866871450E+01
Ti    3.8074219330E+01   4.5643152290E+01   3.7736275470E+01
Ti    4.5564543650E+01   3.9513385280E+01   4.0523004740E+01
Ti    3.2990664040E+01   4.0100773580E+01   4.4125576570E+01
Ti    4.5424122690E+01   3.7873274250E+01   3.7891757050E+01
Ti    3.7839878930E+01   4.7624081250E+01   4.0317462330E+01
Ti    3.9889325910E+01   4.7814785880E+01   4.3007813040E+01
Ti    4.7273647500E+01   3.8049073270E+01   3.5565640280E+01
Ti    4.5484968330E+01   3.8304486350E+01   4.7310946640E+01
Ti    4.3089192800E+01   4.3450076010E+01   3.3302992350E+01
Ti    3.5826063540E+01   4.1845299050E+01   3.5527456920E+01
Ti    4.1296328760E+01   4.1636916270E+01   4.8513124460E+01
Ti    4.3579969060E+01   4.1712340710E+01   3.5695161810E+01
Ti    4.3156489290E+01   3.4021585380E+01   3.5082854060E+01
Ti    4.3496565310E+01   4.3552181670E+01   4.3306768150E+01
Ti    4.1500904420E+01   3.5903285920E+01   4.0142421590E+01
Ti    3.5933966080E+01   4.1515120220E+01   4.5446533310E+01
Ti    4.3192201750E+01   3.4007584740E+01   4.5031093870E+01
Ti    3.4239212860E+01   4.3616620400E+01   4.0577679730E+01
Ti    3.5443955760E+01   3.5656567230E+01   4.2882428540E+01
Ti    4.1514528680E+01   4.1717182320E+01   3.7962619250E+01
Ti    4.1657063250E+01   4.3536934820E+01   4.0514872520E+01
Ti    3.4081679750E+01   4.1683009220E+01   3.8123536550E+01
Ti    4.3363411840E+01   3.5849563720E+01   4.2781527400E+01
Ti    3.5826058030E+01   4.3540940070E+01   4.2808244790E+01
Ti    4.1696139090E+01   3.3705622450E+01   3.7597240670E+01
Ti    4.3460687730E+01   4.1556078970E+01   4.5666415830E+01
Ti    3.4012602660E+01   3.6180833900E+01   4.0298400800E+01
Ti    4.3076407840E+01   3.9943711700E+01   3.3268636190E+01
Ti    3.9677729580E+01   4.1803682140E+01   3.5392098770E+01
Ti    3.7356255790E+01   4.1723232560E+01   4.8170321030E+01
Ti    3.9511566570E+01   3.3959168840E+01   3.5540721450E+01
Ti    3.4057470330E+01   3.8174731800E+01   3.8046856860E+01
Ti    4.3532424820E+01   3.9723040470E+01   4.3004437350E+01
Ti    3.7698951550E+01   3.5670220800E+01   4.0404642220E+01
Ti    3.9659355610E+01   4.1453695460E+01   4.5832428020E+01
Ti    4.3406212070E+01   3.7825543570E+01   4.5226852050E+01
Ti    3.3679897930E+01   3.9905828890E+01   4.0897802870E+01
Ti    3.9532951080E+01   3.6038370880E+01   4.2814585750E+01
Ti    3.7926507810E+01   4.1742606030E+01   3.7976007420E+01
Ti    4.1774110350E+01   3.9614124440E+01   4.0367059860E+01
Ti    3.5416699370E+01   3.7864134890E+01   4.5508858560E+01
Ti    3.6317530210E+01   3.9647899910E+01   4.2743061120E+01
Ti    4.1694516650E+01   3.7949486780E+01   3.7762231290E+01
Ti    3.9892664870E+01   3.4287590450E+01   4.5538040310E+01
Ti    3.8000339150E+01   4.3604937950E+01   4.0402225840E+01
Ti    3.7571566050E+01   3.4007950360E+01   3.7911644330E+01
Ti    3.9879959300E+01   4.3379612130E+01   4.3206407150E+01
Ti    4.3660107350E+01   3.7633861670E+01   3.5132260110E+01
Ti    3.5753966470E+01   3.8297217150E+01   3.5478188940E+01
Ti    4.1828374520E+01   3.7978413850E+01   4.7962042460E+01
Ti    3.9999444830E+01   4.3557494960E+01   3.2918380440E+01
Ti    3.9676333170E+01   4.0054673260E+01   3.2910188910E+01
Ti    3.9765854200E+01   3.7650269450E+01   3.4995177500E+01
Ti    3.7397473560E+01   3.8010436690E+01   4.7965312250E+01
Ti    3.7870688610E+01   3.7934455020E+01   3.7718228460E+01
Ti    3.9853073820E+01   3.9628216380E+01   4.3020851800E+01
Ti    3.8040883230E+01   3.9785239720E+01   4.0181493730E+01
Ti    3.9424254710E+01   3.7806757510E+01   4.5721565720E+01
O     4.9711357690E+01   4.1780390850E+01   3.9624706490E+01
O     4.9718012050E+01   3.8603391230E+01   3.8569552390E+01
O     5.0460475000E+01   3.9030190720E+01   3.8587643930E+01
O     4.5646159960E+01   4.5854439720E+01   4.5364406240E+01
O     4.7712375070E+01   4.4532068590E+01   3.8287033350E+01
O     4.5764773090E+01   4.5843118820E+01   3.5959535060E+01
O     4.5546058830E+01   4.7203357220E+01   3.8556453930E+01
O     4.5999407190E+01   4.5357248080E+01   4.0350724170E+01
O     4.7975139640E+01   4.5290127190E+01   4.2812862120E+01
O     4.5105195710E+01   4.7935082700E+01   4.2192736180E+01
O     3.5985595790E+01   4.5449903750E+01   3.7188429080E+01
O     4.1596575220E+01   4.5245393380E+01   4.5925286290E+01
O     4.6436650450E+01   4.2546174340E+01   4.8884976750E+01
O     4.3742234940E+01   4.5459270200E+01   3.7575463890E+01
O     4.7762000090E+01   4.3243711050E+01   4.4818232880E+01
O     4.1982246990E+01   3.1645852290E+01   4.1830492470E+01
O     4.2094446940E+01   4.5937467450E+01   3.5657528960E+01
O     4.5265466010E+01   4.3520641550E+01   3.8623907890E+01
O     4.4933812670E+01   3.3891742200E+01   3.9675078890E+01
O     4.3566413400E+01   4.5833216560E+01   4.7416152200E+01
O     4.5266362580E+01   4.1444827140E+01   4.0109398710E+01
O     4.5570017030E+01   3.5748378400E+01   3.7996876480E+01
O     3.1340404260E+01   4.0955048030E+01   4.4574903130E+01
O     4.3305812310E+01   4.6447503130E+01   4.0904914140E+01
O     4.7444339180E+01   4.1418819700E+01   4.3256938550E+01
O     3.5975389400E+01   4.7907117800E+01   4.1096591230E+01
O     4.7883458780E+01   3.5730548980E+01   4.4320176590E+01
O     4.1727629730E+01   4.7892495810E+01   4.2482429750E+01
O     4.7680518960E+01   3.9752327550E+01   3.5025570660E+01
O     3.9900689800E+01   4.5460666980E+01   3.7227092110E+01
O     3.7858682480E+01   4.5493106020E+01   4.5918846780E+01
O     4.5875406710E+01   3.9801371780E+01   4.8419194170E+01
O     4.7977717640E+01   3.9442138400E+01   4.4844010010E+01
O     3.9826370570E+01   4.5995767680E+01   4.7625506650E+01
O     4.7235506870E+01   3.7657591390E+01   4.2791920050E+01
O     3.9611774830E+01   3.2233098350E+01   4.1230217330E+01
O     3.8043736740E+01   4.5574290250E+01   3.5472841480E+01
O     4.5496152290E+01   3.9727254690E+01   3.8276981730E+01
O     4.5637154750E+01   3.7613841670E+01   3.9917367300E+01
O     3.7948618380E+01   4.7444574280E+01   4.2590798550E+01
O     3.9815740940E+01   4.7387525410E+01   4.0811862910E+01
O     4.2050933790E+01   4.9320805350E+01   4.0123470500E+01
O     4.5724591170E+01   4.1421151450E+01   4.6033346120E+01
O     4.7453083740E+01   4.1808859580E+01   3.7759148040E+01
O     4.3355975320E+01   4.7573930170E+01   4.4857320480E+01
O     4.5316282390E+01   3.5617073330E+01   4.2471759030E+01
O     4.5514200440E+01   4.1638875260E+01   3.6056291460E+01
O     4.1720956140E+01   4.7438105810E+01   3.8313209610E+01
O     4.7237335020E+01   3.5233954380E+01   4.0704479760E+01
O     3.5338608600E+01   4.7177100620E+01   4.4699046920E+01
O     4.1318865930E+01   4.5312241330E+01   3.9792152820E+01
O     4.1581168650E+01   3.1855262140E+01   3.8316910490E+01
O     3.6059942040E+01   4.5488290680E+01   4.3115784300E+01
O     4.7484950540E+01   4.2964420840E+01   4.0969500540E+01
O     4.3853960430E+01   4.5492109400E+01   4.3318135560E+01
O     3.4249011650E+01   4.5426106370E+01   4.0072752240E+01
O     4.5336005340E+01   4.3212901680E+01   4.2785197420E+01
O     4.3409156550E+01   4.3703912400E+01   3.5175148940E+01
O     3.5986141430E+01   4.1695292310E+01   3.7738725760E+01
O     4.1579511670E+01   4.1484051720E+01   4.6239248690E+01
O     4.1477688050E+01   4.3530265970E+01   4.8333808280E+01
O     3.4062744800E+01   4.1395793450E+01   4.4895915390E+01
O     3.5602605440E+01   4.3640799860E+01   3.4758758450E+01
O     4.3460166450E+01   4.1698975780E+01   3.7554479480E+01
O     3.5633235980E+01   3.7105563380E+01   3.4105195700E+01
O     4.3542651250E+01   3.3750166430E+01   3.6962023450E+01
O     4.1680080070E+01   3.6318744240E+01   4.8783244750E+01
O     4.1632130750E+01   3.3664635240E+01   4.5924105150E+01
O     4.3580364820E+01   3.5742862240E+01   3.4809805140E+01
O     4.1637862000E+01   4.3257467460E+01   3.2117306460E+01
O     3.5758587650E+01   3.3524762700E+01   3.7890397710E+01
O     4.3638687680E+01   4.3639780400E+01   4.5249214920E+01
O     4.1399471470E+01   3.6212516500E+01   4.2349552250E+01
O     3.5573154380E+01   4.1729229600E+01   4.7399685260E+01
O     4.2866046990E+01   3.3986213200E+01   4.3193730880E+01
O     3.3781447140E+01   4.3511714480E+01   3.8365945530E+01
O     3.5788092530E+01   3.5871864200E+01   4.0711399060E+01
O     4.1610955780E+01   4.1536125650E+01   3.5746073870E+01
O     4.1773390040E+01   4.3608800410E+01   3.8268459980E+01
O     3.5116314670E+01   3.3946516750E+01   4.3410758430E+01
O     3.3879639180E+01   4.1938452910E+01   3.6299216460E+01
O     4.3450750590E+01   3.5988157180E+01   4.0779781490E+01
O     3.5813166530E+01   4.3620269870E+01   4.4988539000E+01
O     4.1676099720E+01   3.3968052650E+01   3.9879001760E+01
O     4.3438060520E+01   4.1969210160E+01   4.7837907550E+01
O     3.3720063340E+01   3.5658517260E+01   4.2067982510E+01
O     3.4821850200E+01   3.6266726620E+01   4.4691689770E+01
O     4.1781991370E+01   4.1548263840E+01   3.9961911550E+01
O     3.3926415290E+01   4.3708425730E+01   4.2452971890E+01
O     4.1716549240E+01   3.5861678120E+01   3.8232168220E+01
O     3.6258207840E+01   4.1705462110E+01   4.3274327190E+01
O     4.3543861250E+01   4.3743904860E+01   4.1037889860E+01
O     4.3353842470E+01   4.1617117300E+01   4.3658042830E+01
O     3.3528469570E+01   3.6223382780E+01   3.8389214430E+01
O     3.6120505360E+01   4.3515692610E+01   4.0884484250E+01
O     4.1421731380E+01   3.3441288590E+01   3.5359938720E+01
O     3.3592141280E+01   4.1766514800E+01   4.0263414470E+01
O     4.3615232020E+01   3.5860971970E+01   4.5041485590E+01
O     4.1711447870E+01   4.3481297190E+01   4.2567090000E+01
O     4.1188228990E+01   4.1868468320E+01   5.0371028940E+01
O     3.5055380550E+01   4.0878501870E+01   3.3976244270E+01
O     4.3830216950E+01   4.1763263930E+01   3.3453321950E+01
O     4.3484640570E+01   3.9797944120E+01   3.5159528390E+01
O     3.9713232020E+01   4.1988501110E+01   3.7281772610E+01
O     3.7753240830E+01   4.1581821850E+01   4.6239483200E+01
O     4.1880752310E+01   3.9643390420E+01   4.8716360250E+01
O     3.6042672460E+01   4.0090694650E+01   3.4843548790E+01
O     3.9762438720E+01   3.4032686160E+01   3.7502949340E+01
O     3.8595942510E+01   3.3115349070E+01   4.6072887880E+01
O     3.3817894350E+01   3.8063892520E+01   4.0253332980E+01
O     4.3695074690E+01   3.9709565880E+01   4.5193903460E+01
O     3.7661305220E+01   3.5662971720E+01   4.2401242370E+01
O     3.9523023310E+01   4.1320531030E+01   4.7865484130E+01
O     4.3428426380E+01   3.7852129130E+01   4.3298265130E+01
O     3.3568824330E+01   3.9898549850E+01   3.8606236730E+01
O     3.9606855300E+01   3.5915256030E+01   4.0551120380E+01
O     3.7753793890E+01   4.2133505080E+01   3.5860171700E+01
O     4.1572140780E+01   3.9791133750E+01   3.8185175910E+01
O     3.6015155340E+01   3.7825498250E+01   4.3294304580E+01
O     3.6008558230E+01   3.9664350760E+01   4.5032098900E+01
O     4.1750662510E+01   3.7747510650E+01   3.9643562930E+01
O     3.8025417130E+01   4.3794737980E+01   4.2612891280E+01
O     3.7951828760E+01   3.2988501420E+01   3.5969182130E+01
O     3.9862417790E+01   4.3224617320E+01   4.0974073780E+01
O     4.3592019850E+01   3.8078555510E+01   3.3331873790E+01
O     4.9490342870E+01   3.9867218360E+01   4.2131304200E+01
O     3.8249700390E+01   4.9442053400E+01   4.0580232040E+01
O     3.9784116590E+01   4.9738150920E+01   4.2946997690E+01
O     3.9688836840E+01   4.7668568990E+01   3.4971298190E+01
O     4.5647616030E+01   3.7709964060E+01   4.5514643780E+01
O     4.7308953080E+01   3.8017916530E+01   3.7466773810E+01
O     3.9815891740E+01   4.7705069490E+01   4.4953439660E+01
O     4.5525087010E+01   3.9749591260E+01   4.2547526860E+01
O     3.8209262450E+01   4.7409061110E+01   3.8455005390E+01
O     3.2027213330E+01   4.0042949860E+01   4.2053118690E+01
O     4.5505428950E+01   3.7714563400E+01   3.5626762130E+01
O     4.7522549030E+01   3.9695006010E+01   4.0568186800E+01
O     3.7831689530E+01   4.5480613320E+01   4.0001200190E+01
O     4.0083428530E+01   4.5592358680E+01   4.3426077330E+01
O     3.9495937140E+01   4.5428090090E+01   3.3093670830E+01
O     4.0301798660E+01   4.3574885230E+01   3.4782694990E+01
O     4.1423134030E+01   4.0213583420E+01   3.2297140000E+01
O     3.5890012480E+01   3.8128949690E+01   3.7599678200E+01
O     3.7831853550E+01   4.3550629830E+01   4.8414636130E+01
O     4.1610066300E+01   3.7856722700E+01   4.5979566850E+01
O     3.3529158930E+01   3.8576905520E+01   4.5113892990E+01
O     4.3544468750E+01   3.7750197870E+01   3.7391441850E+01
O     3.9354531700E+01   3.5680768480E+01   3.4935656090E+01
O     3.7602537890E+01   3.6549861390E+01   4.9039440160E+01
O     3.7991201780E+01   3.3781366120E+01   3.9801112460E+01
O     3.9710130730E+01   4.3510525110E+01   4.5144048520E+01
O     4.1633231970E+01   3.9596622630E+01   4.2395617970E+01
O     3.5487685010E+01   3.7842152480E+01   4.7457631750E+01
O     3.9887931010E+01   3.3965426810E+01   4.3597408070E+01
O     3.7933739580E+01   4.3754784650E+01   3.8351447710E+01
O     3.5899159510E+01   3.9506505040E+01   4.0806351510E+01
O     4.1556994630E+01   3.7649434800E+01   3.5508493430E+01
O     3.3961141080E+01   3.8083563980E+01   3.6124051220E+01
O     4.3683901670E+01   3.9423604250E+01   4.0827084850E+01
O     4.3652338710E+01   3.7913340940E+01   4.7505284790E+01
O     3.4378075800E+01   3.9894468600E+01   4.2749905950E+01
O     3.9793957510E+01   3.6122215300E+01   4.5037726870E+01
O     3.7920736640E+01   4.1735793830E+01   3.9981835570E+01
O     3.7445523650E+01   3.5806093920E+01   3.8206189600E+01
O     3.9930320340E+01   4.1532619140E+01   4.3655099810E+01
O     3.9051458850E+01   4.1959579540E+01   3.3238175210E+01
O     3.9539932620E+01   3.9963305750E+01   3.4774546780E+01
O     3.8054875840E+01   3.9586524200E+01   3.2016684810E+01
O     3.9739609330E+01   3.7579848920E+01   3.7247137190E+01
O     3.7088567660E+01   3.9783929580E+01   4.8603247800E+01
O     3.7540062690E+01   3.7744887300E+01   4.6027525190E+01
O     3.7741794350E+01   3.7814875460E+01   3.9702706280E+01
O     3.9596701140E+01   3.9669750530E+01   4.5249506850E+01
O     3.8067591390E+01   4.0053793220E+01   4.2376011630E+01
O     3.9566984280E+01   3.7983637570E+01   4.7674978280E+01
O     3.9327421560E+01   3.7849284340E+01   4.3475135160E+01
O     3.8090915480E+01   3.9809166620E+01   3.8114231360E+01
O     3.9800770880E+01   3.9165987480E+01   4.0843401390E+01
O     3.7707739680E+01   3.8017983930E+01   3.5797309220E+01
O     4.0119312720E+01   3.8096231440E+01   3.3181083900E+01
