Ti    4.8209840600E+01   4.2776724780E+01   3.9225765780E+01
Ti    4.9333784340E+01   3.9978422950E+01   4.0287047770E+01
Ti    4.5915232400E+01   4.5312576290E+01   3.8152332680E+01
Ti    4.5093427020E+01   4.6960650250E+01   4.0517639500E+01
Ti    3.6261117320E+01   4.5297045990E+01   3.5302987250E+01
Ti    4.1583799980E+01   4.5304497080E+01   4.7854844760E+01
Ti    4.4012118530E+01   4.5423474210E+01   3.5661416140E+01
Ti    4.7192532060E+01   4.3568045170E+01   4.2966853520E+01
Ti    4.1222659520E+01   3.2124308600E+01   4.0135349010E+01
Ti    3.6188722040E+01   4.5465783090E+01   4.5033821030E+01
Ti    4.1762857300E+01   4.5513947060E+01   3.7865426820E+01
Ti    4.5304090760E+01   4.3205574540E+01   4.0593215380E+01
Ti    3.4474469360E+01   4.5231378550E+01   3.8221798380E+01
Ti    4.5227435040E+01   3.3911169310E+01   3.7792659080E+01
Ti    4.3805327850E+01   4.5808758410E+01   4.5569098750E+01
Ti    4.5271761850E+01   4.1636838110E+01   3.8225242940E+01
Ti    4.5300545740E+01   3.5686364660E+01   4.0193484950E+01
Ti    4.3429853130E+01   4.7257578570E+01   4.2984821710E+01
Ti    4.7351077800E+01   4.1371135470E+01   4.5162678390E+01
Ti    3.6110753260E+01   4.7491947050E+01   4.2940918690E+01
Ti    4.7151572800E+01   3.5625152860E+01   4.2462061250E+01
Ti    4.1729028540E+01   4.7443545270E+01   4.0274110320E+01
Ti    4.5249593540E+01   4.1547878790E+01   4.7974270040E+01
Ti    4.7330279900E+01   4.1342819720E+01   3.5942372280E+01
Ti    4.0010579860E+01   4.5729034520E+01   3.4903503020E+01
Ti    3.8118836570E+01   4.5248026680E+01   4.7743976580E+01
Ti    4.7630203850E+01   3.9579488850E+01   4.2621074410E+01
Ti    3.9823048040E+01   4.5764463760E+01   4.5358031490E+01
Ti    4.7360070140E+01   3.7499351560E+01   4.4643948020E+01
Ti    4.0680487400E+01   3.2388603890E+01   4.2855101890E+01
Ti    3.8105341170E+01   4.5645509390E+01   3.7721380060E+01
Ti    4.5560310190E+01   3.9474632470E+01   4.0492638750E+01
Ti    3.3013456980E+01   4.0151020050E+01   4.4154748770E+01
Ti    4.5423043790E+01   3.7868039630E+01   3.7873573090E+01
Ti    3.7860067810E+01   4.7618473950E+01   4.0304574500E+01
Ti    3.9906741380E+01   4.7804980810E+01   4.3005974450E+01
Ti    4.7275356410E+01   3.8041264680E+01   3.5553381570E+01
Ti    4.5479204840E+01   3.8387857870E+01   4.7220771520E+01
Ti    4.2930042080E+01   4.3454848800E+01   3.3373187940E+01
Ti    3.5858585810E+01   4.1849671460E+01   3.5545518980E+01
Ti    4.1290366190E+01   4.1664587760E+01   4.8554193010E+01
Ti    4.3584588600E+01   4.1714604970E+01   3.5721550250E+01
Ti    4.3135528740E+01   3.4045473990E+01   3.5029725820E+01
Ti    4.3489829570E+01   4.3552448650E+01   4.3331306990E+01
Ti    4.1459154520E+01   3.5901160750E+01   4.0116869800E+01
Ti    3.5982027360E+01   4.1473997320E+01   4.5445393530E+01
Ti    4.3149196610E+01   3.3992216840E+01   4.4984189070E+01
Ti    3.4269782850E+01   4.3640133380E+01   4.0593685500E+01
Ti    3.5404501610E+01   3.5655070880E+01   4.2877031490E+01
Ti    4.1507212420E+01   4.1719694900E+01   3.7970924600E+01
Ti    4.1667139010E+01   4.3530546480E+01   4.0547990960E+01
Ti    3.4078690840E+01   4.1716122860E+01   3.8143614140E+01
Ti    4.3323885030E+01   3.5842757200E+01   4.2758142260E+01
Ti    3.5844071540E+01   4.3558564420E+01   4.2817469640E+01
Ti    4.1688494900E+01   3.3720927560E+01   3.7551721670E+01
Ti    4.3461253230E+01   4.1530490920E+01   4.5700476280E+01
Ti    3.3983502200E+01   3.6203311030E+01   4.0290959800E+01
Ti    4.3049769180E+01   3.9970216990E+01   3.3290219870E+01
Ti    3.9691374890E+01   4.1823943350E+01   3.5378290290E+01
Ti    3.7358029800E+01   4.1726939190E+01   4.8212532070E+01
Ti    3.9488332650E+01   3.3945004420E+01   3.5512236270E+01
Ti    3.4051876190E+01   3.8216356880E+01   3.8055684800E+01
Ti    4.3521816220E+01   3.9728730070E+01   4.3018724220E+01
Ti    3.7661917420E+01   3.5663038170E+01   4.0388985920E+01
Ti    3.9670946010E+01   4.1452365300E+01   4.5867659040E+01
Ti    4.3392211840E+01   3.7814689120E+01   4.5207889240E+01
Ti    3.3703863310E+01   3.9927186360E+01   4.0924442040E+01
Ti    3.9499287860E+01   3.6066847460E+01   4.2798696060E+01
Ti    3.7944566670E+01   4.1753245280E+01   3.7974720240E+01
Ti    4.1766232590E+01   3.9601291100E+01   4.0372838380E+01
Ti    3.5444724190E+01   3.7849059400E+01   4.5529777400E+01
Ti    3.6341001760E+01   3.9610072370E+01   4.2734301390E+01
Ti    4.1713105810E+01   3.7963183840E+01   3.7752693890E+01
Ti    3.9876776440E+01   3.4303627620E+01   4.5544276150E+01
Ti    3.8015873380E+01   4.3619690090E+01   4.0393597860E+01
Ti    3.7560189430E+01   3.3997678880E+01   3.7898736860E+01
Ti    3.9897632640E+01   4.3374818800E+01   4.3218220540E+01
Ti    4.3675859950E+01   3.7662709480E+01   3.5121496820E+01
Ti    3.5740879520E+01   3.8334443580E+01   3.5480780430E+01
Ti    4.1853510900E+01   3.7968213700E+01   4.7974699330E+01
Ti    3.9972666700E+01   4.3546731200E+01   3.2872179570E+01
Ti    3.9650187880E+01   4.0084597730E+01   3.2908449320E+01
Ti    3.9751797610E+01   3.7640632820E+01   3.4975326180E+01
Ti    3.7409932490E+01   3.7996390240E+01   4.7997762890E+01
Ti    3.7853715260E+01   3.7955693190E+01   3.7702255550E+01
Ti    3.9855419220E+01   3.9627842390E+01   4.3051579900E+01
Ti    3.8047423190E+01   3.9779961920E+01   4.0167364090E+01
Ti    3.9428693550E+01   3.7804877400E+01   4.5752817380E+01
O     4.9719335390E+01   4.1753110890E+01   3.9638571790E+01
O     4.9677867740E+01   3.8601905490E+01   3.8525247600E+01
O     5.0416226080E+01   3.9035584910E+01   3.8530086540E+01
O     4.5653639430E+01   4.5906549570E+01   4.5386908760E+01
O     4.7719410500E+01   4.4493819490E+01   3.8299079790E+01
O     4.5786149070E+01   4.5871511740E+01   3.5964775330E+01
O     4.5527508090E+01   4.7189504470E+01   3.8552567620E+01
O     4.6005603860E+01   4.5336329410E+01   4.0365405770E+01
O     4.7966112640E+01   4.5259444430E+01   4.2823222130E+01
O     4.5085421090E+01   4.7943860470E+01   4.2194540810E+01
O     3.6022931930E+01   4.5439713330E+01   3.7170893970E+01
O     4.1597770800E+01   4.5232236120E+01   4.5967056920E+01
O     4.6467491160E+01   4.2540723860E+01   4.8878975620E+01
O     4.3764119580E+01   4.5452304730E+01   3.7550884350E+01
O     4.7749023300E+01   4.3251451890E+01   4.4834493880E+01
O     4.2043906020E+01   3.1607467570E+01   4.1725594340E+01
O     4.2117832460E+01   4.5942908440E+01   3.5640888800E+01
O     4.5265184170E+01   4.3511865750E+01   3.8654706600E+01
O     4.4867347260E+01   3.3874683750E+01   3.9622256030E+01
O     4.3589086260E+01   4.5834982630E+01   4.7436301560E+01
O     4.5243383890E+01   4.1418208390E+01   4.0121347120E+01
O     4.5566512250E+01   3.5733402170E+01   3.7971016530E+01
O     3.1381590660E+01   4.1049388660E+01   4.4607234020E+01
O     4.3311047170E+01   4.6397583930E+01   4.0935082040E+01
O     4.7480472720E+01   4.1383159690E+01   4.3293253800E+01
O     3.6003200970E+01   4.7967376990E+01   4.1095187920E+01
O     4.7870587090E+01   3.5656398700E+01   4.4253395160E+01
O     4.1740181500E+01   4.7906163930E+01   4.2475582830E+01
O     4.7655499860E+01   3.9745697440E+01   3.5003428490E+01
O     3.9926308660E+01   4.5430364200E+01   3.7201799230E+01
O     3.7882067420E+01   4.5503454460E+01   4.5922640530E+01
O     4.5877649470E+01   3.9811952100E+01   4.8434758940E+01
O     4.8064427980E+01   3.9291304600E+01   4.4806294750E+01
O     3.9831300560E+01   4.6014664400E+01   4.7637491850E+01
O     4.7211673600E+01   3.7612197080E+01   4.2736387860E+01
O     3.9660148360E+01   3.2267669380E+01   4.1280837060E+01
O     3.8068512820E+01   4.5558908980E+01   3.5457855160E+01
O     4.5494976400E+01   3.9720167940E+01   3.8260727280E+01
O     4.5634292770E+01   3.7579555410E+01   3.9927314870E+01
O     3.7960633500E+01   4.7430185820E+01   4.2578648560E+01
O     3.9843212980E+01   4.7369961530E+01   4.0813487080E+01
O     4.2117393820E+01   4.9285379760E+01   4.0107618470E+01
O     4.5724679270E+01   4.1406229550E+01   4.6052394770E+01
O     4.7443035070E+01   4.1782093870E+01   3.7775932780E+01
O     4.3321814310E+01   4.7562992450E+01   4.4868684060E+01
O     4.5279646850E+01   3.5589081420E+01   4.2436996670E+01
O     4.5518115270E+01   4.1655920100E+01   3.6072717270E+01
O     4.1740442070E+01   4.7414215950E+01   3.8311401700E+01
O     4.7203735750E+01   3.5148732130E+01   4.0665348650E+01
O     3.5350826210E+01   4.7210516610E+01   4.4694186250E+01
O     4.1307765940E+01   4.5293535400E+01   3.9800926200E+01
O     4.1581309020E+01   3.1862502080E+01   3.8269174790E+01
O     3.6062574990E+01   4.5523271580E+01   4.3106421160E+01
O     4.7485847680E+01   4.2920938810E+01   4.0998615940E+01
O     4.3895336770E+01   4.5489658100E+01   4.3338896300E+01
O     3.4320654570E+01   4.5448345020E+01   4.0087171510E+01
O     4.5322355930E+01   4.3156171570E+01   4.2814499530E+01
O     4.3398711170E+01   4.3711807310E+01   3.5220691480E+01
O     3.5982333800E+01   4.1729252280E+01   3.7681216260E+01
O     4.1585200170E+01   4.1452163600E+01   4.6288259260E+01
O     4.1462923810E+01   4.3541697410E+01   4.8377853870E+01
O     3.4111136260E+01   4.1433912190E+01   4.4902368690E+01
O     3.5607119960E+01   4.3638388950E+01   3.4750443810E+01
O     4.3458744720E+01   4.1690389970E+01   3.7573917220E+01
O     3.5613340890E+01   3.7114855490E+01   3.4131798360E+01
O     4.3532004640E+01   3.3762817380E+01   3.6906780750E+01
O     4.1721151890E+01   3.6285711060E+01   4.8755707420E+01
O     4.1612815090E+01   3.3648941210E+01   4.5912135920E+01
O     4.3562959820E+01   3.5767574910E+01   3.4779542440E+01
O     4.1592825210E+01   4.3216099320E+01   3.2038650360E+01
O     3.5754209650E+01   3.3480553780E+01   3.7871524770E+01
O     4.3646952940E+01   4.3676188220E+01   4.5272954600E+01
O     4.1355191800E+01   3.6258460260E+01   4.2308053270E+01
O     3.5585867820E+01   4.1715735990E+01   4.7404778470E+01
O     4.2668021990E+01   3.3963978990E+01   4.3167167410E+01
O     3.3783949550E+01   4.3543339950E+01   3.8392862100E+01
O     3.5754785280E+01   3.5880593960E+01   4.0714610720E+01
O     4.1614259150E+01   4.1514223740E+01   3.5758575940E+01
O     4.1809897120E+01   4.3603026170E+01   3.8301698860E+01
O     3.5040460880E+01   3.3971638640E+01   4.3456856530E+01
O     3.3797044200E+01   4.1987223720E+01   3.6341790470E+01
O     4.3415604760E+01   3.5980889450E+01   4.0754676370E+01
O     3.5841491210E+01   4.3663085100E+01   4.4991922560E+01
O     4.1648175320E+01   3.3970626050E+01   3.9838482200E+01
O     4.3431041910E+01   4.1997933050E+01   4.7864866640E+01
O     3.3687626900E+01   3.5644224820E+01   4.2046199800E+01
O     3.4731168730E+01   3.6315672280E+01   4.4673106070E+01
O     4.1783847720E+01   4.1535750500E+01   3.9980552680E+01
O     3.3943202620E+01   4.3736670220E+01   4.2465550380E+01
O     4.1698769120E+01   3.5875578140E+01   3.8207718060E+01
O     3.6266245500E+01   4.1729784840E+01   4.3284595070E+01
O     4.3563806770E+01   4.3758214180E+01   4.1063640510E+01
O     4.3319514620E+01   4.1624454650E+01   4.3702246800E+01
O     3.3509437580E+01   3.6254103670E+01   3.8377947630E+01
O     3.6149646360E+01   4.3527472600E+01   4.0896967170E+01
O     4.1407160630E+01   3.3450800220E+01   3.5312073750E+01
O     3.3620581290E+01   4.1787922540E+01   4.0286879560E+01
O     4.3591969060E+01   3.5844312920E+01   4.5008332690E+01
O     4.1718632350E+01   4.3470287850E+01   4.2544254610E+01
O     4.1197596100E+01   4.1865571050E+01   5.0414263250E+01
O     3.4986595530E+01   4.0898008710E+01   3.4018733420E+01
O     4.3772709660E+01   4.1808117130E+01   3.3475740050E+01
O     4.3510008700E+01   3.9789378960E+01   3.5175002920E+01
O     3.9720965790E+01   4.2038499740E+01   3.7266230770E+01
O     3.7771620350E+01   4.1576803560E+01   4.6278952720E+01
O     4.1924313100E+01   3.9592316900E+01   4.8777552670E+01
O     3.6050493140E+01   4.0119369450E+01   3.4810281190E+01
O     3.9747471680E+01   3.4030299190E+01   3.7478087870E+01
O     3.8581751620E+01   3.3098821120E+01   4.6024435830E+01
O     3.3804038040E+01   3.8087856620E+01   4.0256376210E+01
O     4.3719234010E+01   3.9693897150E+01   4.5210050230E+01
O     3.7626309480E+01   3.5663012290E+01   4.2396754410E+01
O     3.9522730350E+01   4.1311927910E+01   4.7913805290E+01
O     4.3407314140E+01   3.7850757690E+01   4.3280070600E+01
O     3.3575756380E+01   3.9932488160E+01   3.8632680810E+01
O     3.9567815730E+01   3.5914210540E+01   4.0532494980E+01
O     3.7770375250E+01   4.2153748440E+01   3.5865183760E+01
O     4.1551881700E+01   3.9795035680E+01   3.8197184380E+01
O     3.6039989330E+01   3.7802817340E+01   4.3308970390E+01
O     3.6023889690E+01   3.9636755340E+01   4.5031473460E+01
O     4.1738563580E+01   3.7741992770E+01   3.9626500520E+01
O     3.8042377900E+01   4.3819426010E+01   4.2625100030E+01
O     3.7947717980E+01   3.2953053170E+01   3.5968282220E+01
O     3.9864221050E+01   4.3197935660E+01   4.0988003810E+01
O     4.3580945110E+01   3.8106236010E+01   3.3327530970E+01
O     4.9480999010E+01   3.9824232100E+01   4.2121924490E+01
O     3.8315562790E+01   4.9429978190E+01   4.0584741350E+01
O     3.9792359000E+01   4.9732827250E+01   4.2945090140E+01
O     3.9696701260E+01   4.7651062200E+01   3.4943112540E+01
O     4.5637136960E+01   3.7672800840E+01   4.5465432150E+01
O     4.7305263380E+01   3.8028113500E+01   3.7457504320E+01
O     3.9833014520E+01   4.7708101370E+01   4.4954223880E+01
O     4.5524043870E+01   3.9763415690E+01   4.2663762850E+01
O     3.8277543680E+01   4.7406798960E+01   3.8443175500E+01
O     3.2044488330E+01   4.0109632080E+01   4.2084211320E+01
O     4.5516012140E+01   3.7687352580E+01   3.5612611750E+01
O     4.7513904430E+01   3.9677318640E+01   4.0558000790E+01
O     3.7830368600E+01   4.5498841660E+01   3.9990074280E+01
O     4.0124468540E+01   4.5583625830E+01   4.3439365670E+01
O     3.9476114710E+01   4.5417643570E+01   3.3071708390E+01
O     4.0392896440E+01   4.3563637100E+01   3.4714796030E+01
O     4.1397718830E+01   4.0227408710E+01   3.2301091720E+01
O     3.5878666290E+01   3.8145458390E+01   3.7581020290E+01
O     3.7839932920E+01   4.3558911590E+01   4.8423321370E+01
O     4.1610462070E+01   3.7871016630E+01   4.5989454120E+01
O     3.3493346370E+01   3.8629465460E+01   4.5154584680E+01
O     4.3548970040E+01   3.7754117850E+01   3.7383089580E+01
O     3.9322385140E+01   3.5667098730E+01   3.4915847190E+01
O     3.7619041620E+01   3.6527473530E+01   4.9058852420E+01
O     3.7982275680E+01   3.3769689850E+01   3.9789687760E+01
O     3.9726061210E+01   4.3508185720E+01   4.5163596340E+01
O     4.1622202740E+01   3.9598827610E+01   4.2401446020E+01
O     3.5497729040E+01   3.7827360600E+01   4.7481960750E+01
O     3.9845528580E+01   3.4004877690E+01   4.3599924010E+01
O     3.7957185800E+01   4.3761525530E+01   3.8378343900E+01
O     3.5913049990E+01   3.9475298920E+01   4.0809928440E+01
O     4.1527796150E+01   3.7659209950E+01   3.5504849480E+01
O     3.3948830900E+01   3.8141688820E+01   3.6129055100E+01
O     4.3690044490E+01   3.9396439860E+01   4.0852523140E+01
O     4.3670024440E+01   3.7917599010E+01   4.7487287700E+01
O     3.4404453640E+01   3.9886358370E+01   4.2781054010E+01
O     3.9824859520E+01   3.6144814610E+01   4.5033518420E+01
O     3.7921328690E+01   4.1737602320E+01   3.9986206620E+01
O     3.7414008460E+01   3.5806610410E+01   3.8187184510E+01
O     3.9971202490E+01   4.1535678380E+01   4.3699915100E+01
O     3.9002447230E+01   4.1974607210E+01   3.3242052690E+01
O     3.9536301200E+01   3.9982072820E+01   3.4760867390E+01
O     3.8014145840E+01   3.9554481640E+01   3.2076604390E+01
O     3.9696404000E+01   3.7539378490E+01   3.7223502840E+01
O     3.7073727480E+01   3.9772002480E+01   4.8632273570E+01
O     3.7542726030E+01   3.7736611590E+01   4.6056777320E+01
O     3.7724353490E+01   3.7806132310E+01   3.9673628930E+01
O     3.9590605680E+01   3.9670508230E+01   4.5283323450E+01
O     3.8079223950E+01   4.0102377920E+01   4.2425615870E+01
O     3.9582659190E+01   3.7969309100E+01   4.7708975370E+01
O     3.9285709520E+01   3.7861681100E+01   4.3501248400E+01
O     3.8106931580E+01   3.9821829360E+01   3.8100750890E+01
O     3.9779223610E+01   3.9118291960E+01   4.0883096790E+01
O     3.7700831150E+01   3.8055444760E+01   3.5779557240E+01
O     4.0145958090E+01   3.8073477360E+01   3.3165957670E+01
