Ti    4.8208480270E+01   4.2734299020E+01   3.9246162420E+01
Ti    4.9322502520E+01   3.9942301660E+01   4.0280883320E+01
Ti    4.5920086910E+01   4.5294256200E+01   3.8164700600E+01
Ti    4.5095138410E+01   4.6935982380E+01   4.0536476600E+01
Ti    3.6289244950E+01   4.5292764250E+01   3.5286608980E+01
Ti    4.1580080060E+01   4.5310833310E+01   4.7893835330E+01
Ti    4.4056881090E+01   4.5431479300E+01   3.5642071600E+01
Ti    4.7178811100E+01   4.3537592850E+01   4.2979846120E+01
Ti    4.1211122400E+01   3.2113614440E+01   4.0080896330E+01
Ti    3.6210774510E+01   4.5484200240E+01   4.5027346700E+01
Ti    4.1800259060E+01   4.5495230420E+01   3.7820070020E+01
Ti    4.5310239380E+01   4.3188115870E+01   4.0614075230E+01
Ti    3.4537441330E+01   4.5239207210E+01   3.8240119970E+01
Ti    4.5212959050E+01   3.3902726930E+01   3.7744804260E+01
Ti    4.3818063610E+01   4.5820435580E+01   4.5590246250E+01
Ti    4.5277537090E+01   4.1619868140E+01   3.8247376110E+01
Ti    4.5246679420E+01   3.5654705250E+01   4.0160174050E+01
Ti    4.3426285430E+01   4.7241743280E+01   4.2994693310E+01
Ti    4.7365363730E+01   4.1335348690E+01   4.5180071650E+01
Ti    3.6125313320E+01   4.7529202460E+01   4.2940786820E+01
Ti    4.7112157480E+01   3.5568774970E+01   4.2409210170E+01
Ti    4.1753218770E+01   4.7418649910E+01   4.0275867250E+01
Ti    4.5243915630E+01   4.1554573740E+01   4.8004737920E+01
Ti    4.7330874410E+01   4.1320730280E+01   3.5956453410E+01
Ti    4.0057606850E+01   4.5683932110E+01   3.4864093490E+01
Ti    3.8125990820E+01   4.5254910340E+01   4.7745865600E+01
Ti    4.7607189450E+01   3.9550476710E+01   4.2621372250E+01
Ti    3.9845337260E+01   4.5762751940E+01   4.5369719210E+01
Ti    4.7352984230E+01   3.7434709260E+01   4.4605176100E+01
Ti    4.0856187940E+01   3.2559828900E+01   4.2851346330E+01
Ti    3.8142088720E+01   4.5642836420E+01   3.7705112640E+01
Ti    4.5551614520E+01   3.9451283770E+01   4.0445426610E+01
Ti    3.3025092930E+01   4.0211062590E+01   4.4174526030E+01
Ti    4.5424673510E+01   3.7858167660E+01   3.7843396030E+01
Ti    3.7876625660E+01   4.7596565730E+01   4.0295289040E+01
Ti    3.9925512970E+01   4.7795517940E+01   4.3005135210E+01
Ti    4.7280916620E+01   3.8033971210E+01   3.5537646110E+01
Ti    4.5442362950E+01   3.8528843240E+01   4.7084765970E+01
Ti    4.2594708830E+01   4.3445669520E+01   3.3553732170E+01
Ti    3.5869901190E+01   4.1853325200E+01   3.5572985190E+01
Ti    4.1291320730E+01   4.1672697260E+01   4.8595930190E+01
Ti    4.3596622550E+01   4.1697485670E+01   3.5752365460E+01
Ti    4.3113120210E+01   3.4082923330E+01   3.4975191950E+01
Ti    4.3489358870E+01   4.3550069760E+01   4.3361791640E+01
Ti    4.1413027210E+01   3.5897830730E+01   4.0092591800E+01
Ti    3.6023686940E+01   4.1463056280E+01   4.5444233870E+01
Ti    4.3095997120E+01   3.3968773080E+01   4.4946855060E+01
Ti    3.4297535980E+01   4.3666089460E+01   4.0613775200E+01
Ti    3.5363737710E+01   3.5665659660E+01   4.2870240800E+01
Ti    4.1507256530E+01   4.1722614550E+01   3.7981670960E+01
Ti    4.1689036620E+01   4.3517886940E+01   4.0573957070E+01
Ti    3.4055111220E+01   4.1754198190E+01   3.8158007960E+01
Ti    4.3296898290E+01   3.5889787410E+01   4.2721256310E+01
Ti    3.5864212510E+01   4.3566503710E+01   4.2830330440E+01
Ti    4.1680157150E+01   3.3739015340E+01   3.7503519690E+01
Ti    4.3467724470E+01   4.1502023150E+01   4.5737735960E+01
Ti    3.3953425130E+01   3.6225221030E+01   4.0282022450E+01
Ti    4.3015823190E+01   3.9997950800E+01   3.3308705160E+01
Ti    3.9732447960E+01   4.1878395580E+01   3.5367347980E+01
Ti    3.7360965160E+01   4.1730881490E+01   4.8250209690E+01
Ti    3.9463609570E+01   3.3920809400E+01   3.5484738090E+01
Ti    3.4041877340E+01   3.8258313640E+01   3.8063646980E+01
Ti    4.3515866360E+01   3.9730053990E+01   4.3036267930E+01
Ti    3.7625457540E+01   3.5659550530E+01   4.0374983490E+01
Ti    3.9682773140E+01   4.1450552780E+01   4.5897882520E+01
Ti    4.3377775590E+01   3.7787983970E+01   4.5188857640E+01
Ti    3.3724579520E+01   3.9948701900E+01   4.0947280050E+01
Ti    3.9462206440E+01   3.6088883390E+01   4.2787853480E+01
Ti    3.7999919690E+01   4.1760664680E+01   3.7974484180E+01
Ti    4.1766558370E+01   3.9591149150E+01   4.0381443880E+01
Ti    3.5490300530E+01   3.7830785640E+01   4.5550743140E+01
Ti    3.6363551510E+01   3.9595857980E+01   4.2743215570E+01
Ti    4.1720402790E+01   3.7974597580E+01   3.7743849200E+01
Ti    3.9848975320E+01   3.4326340940E+01   4.5556347640E+01
Ti    3.8030521360E+01   4.3642559490E+01   4.0389515310E+01
Ti    3.7548608420E+01   3.3997033900E+01   3.7883512980E+01
Ti    3.9910540690E+01   4.3368290470E+01   4.3233836490E+01
Ti    4.3691586420E+01   3.7725549940E+01   3.5110054920E+01
Ti    3.5724271530E+01   3.8374599820E+01   3.5482623440E+01
Ti    4.1881376230E+01   3.7963755160E+01   4.7988913880E+01
Ti    3.9948712200E+01   4.3545120770E+01   3.2777460090E+01
Ti    3.9610309030E+01   4.0160128310E+01   3.2898750790E+01
Ti    3.9735912280E+01   3.7610323000E+01   3.4957148680E+01
Ti    3.7430669860E+01   3.7980679570E+01   4.8033372620E+01
Ti    3.7838613490E+01   3.7961814300E+01   3.7688488800E+01
Ti    3.9852491480E+01   3.9626812180E+01   4.3074113690E+01
Ti    3.8054318930E+01   3.9781465630E+01   4.0171019180E+01
Ti    3.9448233000E+01   3.7804330640E+01   4.5778760090E+01
O     4.9725360530E+01   4.1722898700E+01   3.9649405530E+01
O     4.9640767470E+01   3.8599058440E+01   3.8486157250E+01
O     5.0373889060E+01   3.9040958420E+01   3.8480718840E+01
O     4.5659933530E+01   4.5966811800E+01   4.5409620660E+01
O     4.7722215160E+01   4.4455357500E+01   3.8316643210E+01
O     4.5821045480E+01   4.5882252280E+01   3.5978900380E+01
O     4.5521595910E+01   4.7171328130E+01   3.8556594170E+01
O     4.6016541270E+01   4.5317626950E+01   4.0375648270E+01
O     4.7955461130E+01   4.5229566540E+01   4.2832225220E+01
O     4.5075925610E+01   4.7941307690E+01   4.2200893520E+01
O     3.6062744370E+01   4.5433435970E+01   3.7155072370E+01
O     4.1603255280E+01   4.5220085210E+01   4.6008353760E+01
O     4.6497307080E+01   4.2533311630E+01   4.8875506200E+01
O     4.3784161270E+01   4.5452572830E+01   3.7531053950E+01
O     4.7730678490E+01   4.3229255620E+01   4.4852623120E+01
O     4.2182974020E+01   3.1516683420E+01   4.1526455850E+01
O     4.2157604190E+01   4.5947565090E+01   3.5611724550E+01
O     4.5259524250E+01   4.3495022850E+01   3.8671955240E+01
O     4.4798397260E+01   3.3855054200E+01   3.9564694280E+01
O     4.3615810280E+01   4.5841651980E+01   4.7456083170E+01
O     4.5221541660E+01   4.1412753170E+01   4.0146005390E+01
O     4.5560322900E+01   3.5724648080E+01   3.7948802530E+01
O     3.1414830540E+01   4.1164911370E+01   4.4619745120E+01
O     4.3316822200E+01   4.6356147580E+01   4.0958439150E+01
O     4.7517719560E+01   4.1358859830E+01   4.3312156600E+01
O     3.6031833710E+01   4.8023443170E+01   4.1096513040E+01
O     4.7847623810E+01   3.5589788890E+01   4.4189338340E+01
O     4.1753918630E+01   4.7918548680E+01   4.2468466020E+01
O     4.7633831070E+01   3.9739816680E+01   3.4979399930E+01
O     3.9958184190E+01   4.5383926530E+01   3.7170352500E+01
O     3.7900517060E+01   4.5512369290E+01   4.5926103310E+01
O     4.5872034620E+01   3.9810319610E+01   4.8461300400E+01
O     4.8044878700E+01   3.9237536850E+01   4.4799673920E+01
O     3.9836833200E+01   4.6029947820E+01   4.7649001850E+01
O     4.7186349070E+01   3.7571607470E+01   4.2686622350E+01
O     3.9749729200E+01   3.2332118120E+01   4.1342821240E+01
O     3.8097722390E+01   4.5522407780E+01   3.5443789060E+01
O     4.5495373180E+01   3.9689393950E+01   3.8375996100E+01
O     4.5630536860E+01   3.7533964480E+01   3.9978253200E+01
O     3.7972490570E+01   4.7416983130E+01   4.2570488910E+01
O     3.9867617190E+01   4.7361379660E+01   4.0816390060E+01
O     4.2182271940E+01   4.9249263930E+01   4.0087878820E+01
O     4.5738563020E+01   4.1363309370E+01   4.6074532200E+01
O     4.7419122100E+01   4.1750286280E+01   3.7797798050E+01
O     4.3287410700E+01   4.7553075220E+01   4.4875741140E+01
O     4.5238859550E+01   3.5553581180E+01   4.2402064910E+01
O     4.5524086110E+01   4.1650591920E+01   3.6096068210E+01
O     4.1754583550E+01   4.7370913770E+01   3.8314260680E+01
O     4.7174026720E+01   3.5057656380E+01   4.0629840300E+01
O     3.5367978340E+01   4.7232813750E+01   4.4693378650E+01
O     4.1257473210E+01   4.5265402670E+01   3.9892555470E+01
O     4.1571531450E+01   3.1872457040E+01   3.8211094340E+01
O     3.6065937550E+01   4.5552447180E+01   4.3102047310E+01
O     4.7487804670E+01   4.2879272540E+01   4.1022613710E+01
O     4.3939794450E+01   4.5485258320E+01   4.3361764470E+01
O     3.4393592110E+01   4.5471452880E+01   4.0104890530E+01
O     4.5309835660E+01   4.3098967660E+01   4.2836174810E+01
O     4.3444964260E+01   4.3712368080E+01   3.5281852370E+01
O     3.5943889460E+01   4.1764140140E+01   3.7620342990E+01
O     4.1591603480E+01   4.1412486440E+01   4.6336295300E+01
O     4.1454201180E+01   4.3547946630E+01   4.8421483450E+01
O     3.4152392500E+01   4.1475160170E+01   4.4902723890E+01
O     3.5609436280E+01   4.3636795450E+01   3.4751102510E+01
O     4.3460932250E+01   4.1667875850E+01   3.7596400690E+01
O     3.5590678140E+01   3.7125938730E+01   3.4160026520E+01
O     4.3520776640E+01   3.3779963340E+01   3.6848475250E+01
O     4.1760692940E+01   3.6258115750E+01   4.8729369000E+01
O     4.1581114390E+01   3.3643528550E+01   4.5909354140E+01
O     4.3537940940E+01   3.5809015190E+01   3.4754922530E+01
O     4.1556534200E+01   4.3192247420E+01   3.1912670420E+01
O     3.5748954010E+01   3.3447961750E+01   3.7858733650E+01
O     4.3661192610E+01   4.3658390560E+01   4.5306737500E+01
O     4.1314665560E+01   3.6283515720E+01   4.2280117330E+01
O     3.5597762430E+01   4.1704430500E+01   4.7413487430E+01
O     4.2512057130E+01   3.3843394070E+01   4.3159565140E+01
O     3.3783580520E+01   4.3580847230E+01   3.8420574400E+01
O     3.5720595040E+01   3.5890603870E+01   4.0715617530E+01
O     4.1617143040E+01   4.1475950340E+01   3.5769611350E+01
O     4.1845086930E+01   4.3606784490E+01   3.8331840380E+01
O     3.4965803130E+01   3.4015600350E+01   4.3514210870E+01
O     3.3780948370E+01   4.2036364160E+01   3.6355823870E+01
O     4.3373701620E+01   3.5968513400E+01   4.0731894940E+01
O     3.5899755270E+01   4.3666125900E+01   4.4987035410E+01
O     4.1624961490E+01   3.3972439880E+01   3.9793094130E+01
O     4.3428121530E+01   4.2025773160E+01   4.7890721950E+01
O     3.3653212760E+01   3.5624077200E+01   4.2019834040E+01
O     3.4628558560E+01   3.6394958440E+01   4.4641582820E+01
O     4.1793431250E+01   4.1516368670E+01   4.0002526750E+01
O     3.3962635900E+01   4.3762425270E+01   4.2484047690E+01
O     4.1680394400E+01   3.5889418560E+01   3.8185124360E+01
O     3.6280108110E+01   4.1723514370E+01   4.3284919480E+01
O     4.3580564490E+01   4.3763958610E+01   4.1094136090E+01
O     4.3290366150E+01   4.1620555360E+01   4.3754877510E+01
O     3.3486049860E+01   3.6285662790E+01   3.8366508530E+01
O     3.6178059780E+01   4.3539651940E+01   4.0913239650E+01
O     4.1393630200E+01   3.3462292990E+01   3.5262176640E+01
O     3.3649468900E+01   4.1811370500E+01   4.0308565440E+01
O     4.3557443620E+01   3.5819524260E+01   4.4959005130E+01
O     4.1728240200E+01   4.3456986020E+01   4.2557450810E+01
O     4.1212679040E+01   4.1862785050E+01   5.0457614850E+01
O     3.4915427540E+01   4.0911376750E+01   3.4069338520E+01
O     4.3625933180E+01   4.1879523300E+01   3.3509054160E+01
O     4.3549699550E+01   3.9748466620E+01   3.5185579570E+01
O     3.9746589760E+01   4.2114495190E+01   3.7246386070E+01
O     3.7788933120E+01   4.1566552430E+01   4.6314392730E+01
O     4.1950900070E+01   3.9577396360E+01   4.8808638200E+01
O     3.6054609270E+01   4.0151359760E+01   3.4779044600E+01
O     3.9732251970E+01   3.4030872100E+01   3.7451724020E+01
O     3.8561609460E+01   3.3090490290E+01   4.5999069860E+01
O     3.3790370240E+01   3.8111790880E+01   4.0258419460E+01
O     4.3777189570E+01   3.9662053370E+01   4.5249191020E+01
O     3.7588996020E+01   3.5661620840E+01   4.2389875530E+01
O     3.9524443920E+01   4.1307709810E+01   4.7958578470E+01
O     4.3390236710E+01   3.7851815020E+01   4.3260056440E+01
O     3.3578123430E+01   3.9967444080E+01   3.8656050960E+01
O     3.9528903930E+01   3.5914792940E+01   4.0518958640E+01
O     3.7796219650E+01   4.2172858130E+01   3.5875033590E+01
O     4.1529317200E+01   3.9797437610E+01   3.8212689890E+01
O     3.6086996970E+01   3.7785071580E+01   4.3324875420E+01
O     3.6010089060E+01   3.9621433230E+01   4.5048706940E+01
O     4.1740478300E+01   3.7733720700E+01   3.9611458690E+01
O     3.8058127330E+01   4.3845108320E+01   4.2634586820E+01
O     3.7937999430E+01   3.2917419960E+01   3.5970667450E+01
O     3.9866757310E+01   4.3152505710E+01   4.1009117950E+01
O     4.3570242170E+01   3.8133626430E+01   3.3311706370E+01
O     4.9464833470E+01   3.9776698830E+01   4.2114183690E+01
O     3.8374869110E+01   4.9411602740E+01   4.0580725750E+01
O     3.9803853610E+01   4.9727841140E+01   4.2948420080E+01
O     3.9723191650E+01   4.7607104750E+01   3.4915083370E+01
O     4.5627815300E+01   3.7617905930E+01   4.5419252420E+01
O     4.7300099210E+01   3.8050620620E+01   3.7444432320E+01
O     3.9851081050E+01   4.7708975810E+01   4.4955868390E+01
O     4.5528805050E+01   3.9771791340E+01   4.2675160720E+01
O     3.8362734640E+01   4.7403209440E+01   3.8413179000E+01
O     3.2056817650E+01   4.0182166690E+01   4.2102374790E+01
O     4.5530959800E+01   3.7653105380E+01   3.5591470910E+01
O     4.7502149620E+01   3.9659389320E+01   4.0547910660E+01
O     3.7830851860E+01   4.5534977070E+01   3.9980081730E+01
O     4.0160902230E+01   4.5574303610E+01   4.3452287310E+01
O     3.9416832140E+01   4.5390129940E+01   3.3058546630E+01
O     4.0734791280E+01   4.3615227400E+01   3.4514594640E+01
O     4.1362741180E+01   4.0221775800E+01   3.2300495920E+01
O     3.5864828690E+01   3.8165372670E+01   3.7562016450E+01
O     3.7846702460E+01   4.3566897630E+01   4.8430787860E+01
O     4.1611058390E+01   3.7879392230E+01   4.5997442870E+01
O     3.3448775480E+01   3.8670316260E+01   4.5187883400E+01
O     4.3551641140E+01   3.7769167570E+01   3.7374770330E+01
O     3.9279029750E+01   3.5640197250E+01   3.4896533240E+01
O     3.7639678100E+01   3.6504485390E+01   4.9082736250E+01
O     3.7976337160E+01   3.3762106410E+01   3.9774744530E+01
O     3.9742384050E+01   4.3504715490E+01   4.5184792380E+01
O     4.1611703620E+01   3.9599773070E+01   4.2413430040E+01
O     3.5517172020E+01   3.7809457020E+01   4.7507366380E+01
O     3.9769802460E+01   3.4026501010E+01   4.3610231400E+01
O     3.7975998050E+01   4.3767584700E+01   3.8409508860E+01
O     3.5924181430E+01   3.9453987940E+01   4.0822931180E+01
O     4.1506297360E+01   3.7666602200E+01   3.5499093440E+01
O     3.3933185250E+01   3.8201502920E+01   3.6132952220E+01
O     4.3695106090E+01   3.9374371000E+01   4.0878769870E+01
O     4.3689076610E+01   3.7917218880E+01   4.7469798350E+01
O     3.4421173020E+01   3.9864160280E+01   4.2811239690E+01
O     3.9862152930E+01   3.6169512680E+01   4.5015334550E+01
O     3.7918836030E+01   4.1741608900E+01   3.9986934770E+01
O     3.7383475370E+01   3.5808773380E+01   3.8172078940E+01
O     3.9988496750E+01   4.1534374180E+01   4.3736443830E+01
O     3.8958820180E+01   4.2023898630E+01   3.3267929970E+01
O     3.9532026470E+01   3.9983709780E+01   3.4732942820E+01
O     3.7985318950E+01   3.9509204010E+01   3.2144987900E+01
O     3.9677153920E+01   3.7507136660E+01   3.7207223610E+01
O     3.7064003210E+01   3.9759810100E+01   4.8661126290E+01
O     3.7556984260E+01   3.7709679500E+01   4.6090044900E+01
O     3.7704797050E+01   3.7801026750E+01   3.9654136730E+01
O     3.9585016930E+01   3.9670943200E+01   4.5308855230E+01
O     3.8091392410E+01   4.0130643850E+01   4.2427702830E+01
O     3.9603704770E+01   3.7956835640E+01   4.7739649860E+01
O     3.9233759770E+01   3.7873926910E+01   4.3517170520E+01
O     3.8122439980E+01   3.9828927230E+01   3.8089076130E+01
O     3.9771217180E+01   3.9068012020E+01   4.0910795380E+01
O     3.7696496040E+01   3.8086816850E+01   3.5767776050E+01
O     4.0182520780E+01   3.7983346940E+01   3.3149572440E+01
