Ti    4.8205644350E+01   4.2688860060E+01   3.9266861090E+01
Ti    4.9310720570E+01   3.9905751980E+01   4.0276487530E+01
Ti    4.5927976450E+01   4.5274039520E+01   3.8177815250E+01
Ti    4.5098615730E+01   4.6910373380E+01   4.0556733550E+01
Ti    3.6318172740E+01   4.5285479780E+01   3.5270993850E+01
Ti    4.1577501340E+01   4.5310476750E+01   4.7932621280E+01
Ti    4.4112525720E+01   4.5435210570E+01   3.5619260080E+01
Ti    4.7164736770E+01   4.3506181520E+01   4.2998355960E+01
Ti    4.1213579360E+01   3.2109048480E+01   4.0028286900E+01
Ti    3.6232395410E+01   4.5495069660E+01   4.5022661260E+01
Ti    4.1830015910E+01   4.5471966510E+01   3.7807110060E+01
Ti    4.5315770720E+01   4.3169275700E+01   4.0634528350E+01
Ti    3.4606231360E+01   4.5244059990E+01   3.8259220880E+01
Ti    4.5198316240E+01   3.3904866890E+01   3.7696432510E+01
Ti    4.3830158400E+01   4.5831071030E+01   4.5614462890E+01
Ti    4.5296130900E+01   4.1600644040E+01   3.8272243870E+01
Ti    4.5169721040E+01   3.5631253210E+01   4.0151854290E+01
Ti    4.3423035950E+01   4.7220435570E+01   4.3003390190E+01
Ti    4.7385398090E+01   4.1287457040E+01   4.5191975520E+01
Ti    3.6140777110E+01   4.7565592110E+01   4.2947635200E+01
Ti    4.7081304310E+01   3.5510676450E+01   4.2359382570E+01
Ti    4.1774914660E+01   4.7385864950E+01   4.0275214900E+01
Ti    4.5240181010E+01   4.1548605300E+01   4.8057378160E+01
Ti    4.7337885480E+01   4.1294440080E+01   3.5973664510E+01
Ti    4.0086048880E+01   4.5684028030E+01   3.4828108800E+01
Ti    3.8132417090E+01   4.5262402270E+01   4.7748150290E+01
Ti    4.7590506130E+01   3.9517811150E+01   4.2653790130E+01
Ti    3.9868412260E+01   4.5759484460E+01   4.5382344800E+01
Ti    4.7338379490E+01   3.7363205430E+01   4.4584021020E+01
Ti    4.0977914700E+01   3.2698876740E+01   4.2826986680E+01
Ti    3.8184821940E+01   4.5635050440E+01   3.7685778000E+01
Ti    4.5539976730E+01   3.9422231490E+01   4.0448779670E+01
Ti    3.3049550800E+01   4.0255663080E+01   4.4199886430E+01
Ti    4.5426826220E+01   3.7836329830E+01   3.7827453740E+01
Ti    3.7879057730E+01   4.7537478370E+01   4.0309101280E+01
Ti    3.9945752580E+01   4.7786619420E+01   4.3004969350E+01
Ti    4.7276896060E+01   3.8028788500E+01   3.5514570270E+01
Ti    4.5322109450E+01   3.8826089300E+01   4.6814331730E+01
Ti    4.2423890460E+01   4.3442321110E+01   3.3674301000E+01
Ti    3.5886043670E+01   4.1860616050E+01   3.5608869000E+01
Ti    4.1295518270E+01   4.1672195390E+01   4.8635501860E+01
Ti    4.3613483460E+01   4.1670976630E+01   3.5779460480E+01
Ti    4.3087374320E+01   3.4137167210E+01   3.4920575660E+01
Ti    4.3491562310E+01   4.3542622200E+01   4.3399194410E+01
Ti    4.1365311900E+01   3.5897478600E+01   4.0067855960E+01
Ti    3.6063979470E+01   4.1461383360E+01   4.5446010790E+01
Ti    4.3062872190E+01   3.3952260900E+01   4.4918757840E+01
Ti    3.4324485630E+01   4.3690412790E+01   4.0630622470E+01
Ti    3.5326437440E+01   3.5684063730E+01   4.2863344120E+01
Ti    4.1506148740E+01   4.1723804570E+01   3.7976796410E+01
Ti    4.1729057720E+01   4.3511910010E+01   4.0591979360E+01
Ti    3.4052708370E+01   4.1793228250E+01   3.8172489860E+01
Ti    4.3263667380E+01   3.5883319080E+01   4.2694027170E+01
Ti    3.5883600170E+01   4.3570022110E+01   4.2841965060E+01
Ti    4.1670858650E+01   3.3759256820E+01   3.7451462830E+01
Ti    4.3481009950E+01   4.1470111200E+01   4.5780515590E+01
Ti    3.3922936900E+01   3.6251425610E+01   4.0271526870E+01
Ti    4.2960704390E+01   4.0012988790E+01   3.3317528310E+01
Ti    3.9729078170E+01   4.1846078400E+01   3.5366157910E+01
Ti    3.7364868890E+01   4.1738035900E+01   4.8285998210E+01
Ti    3.9438238440E+01   3.3905639830E+01   3.5451874170E+01
Ti    3.4033547590E+01   3.8302634030E+01   3.8068897200E+01
Ti    4.3524718200E+01   3.9719592040E+01   4.3077022430E+01
Ti    3.7588886790E+01   3.5657474930E+01   4.0362034170E+01
Ti    3.9697583020E+01   4.1444917260E+01   4.5927197610E+01
Ti    4.3361223270E+01   3.7749276250E+01   4.5173011480E+01
Ti    3.3744823830E+01   3.9971287910E+01   4.0966649390E+01
Ti    3.9426648030E+01   3.6106807270E+01   4.2777874900E+01
Ti    3.8035001260E+01   4.1766042580E+01   3.7980284960E+01
Ti    4.1764507640E+01   3.9584093200E+01   4.0393602640E+01
Ti    3.5498236400E+01   3.7831974470E+01   4.5568052230E+01
Ti    3.6388159350E+01   3.9586902400E+01   4.2752727770E+01
Ti    4.1713184360E+01   3.7987956170E+01   3.7731790680E+01
Ti    3.9822404330E+01   3.4349232020E+01   4.5563947540E+01
Ti    3.8044632950E+01   4.3687029870E+01   4.0390335490E+01
Ti    3.7537516530E+01   3.3997599720E+01   3.7867032340E+01
Ti    3.9921942310E+01   4.3361025480E+01   4.3253278360E+01
Ti    4.3691748110E+01   3.7786208400E+01   3.5105535010E+01
Ti    3.5705070280E+01   3.8420515090E+01   3.5484976270E+01
Ti    4.1915622270E+01   3.7965671090E+01   4.7997162990E+01
Ti    3.9915192850E+01   4.3551857510E+01   3.2683314070E+01
Ti    3.9577711390E+01   4.0177411790E+01   3.2902732840E+01
Ti    3.9726876100E+01   3.7602224090E+01   3.4941155610E+01
Ti    3.7450979520E+01   3.7961964150E+01   4.8061453070E+01
Ti    3.7831699560E+01   3.7962469040E+01   3.7671979480E+01
Ti    3.9853818830E+01   3.9621281770E+01   4.3097024830E+01
Ti    3.8061536750E+01   3.9785461530E+01   4.0173485200E+01
Ti    3.9456544900E+01   3.7801471140E+01   4.5801812860E+01
O     4.9730586820E+01   4.1691254850E+01   3.9659202590E+01
O     4.9607389180E+01   3.8593494500E+01   3.8452448350E+01
O     5.0334547410E+01   3.9044382090E+01   3.8437953700E+01
O     4.5663759150E+01   4.6026509020E+01   4.5430430150E+01
O     4.7727962560E+01   4.4412495110E+01   3.8332331690E+01
O     4.5865093590E+01   4.5886206200E+01   3.5993276600E+01
O     4.5521919600E+01   4.7152141610E+01   3.8559187700E+01
O     4.6031526740E+01   4.5298005730E+01   4.0386647620E+01
O     4.7945379360E+01   4.5198292630E+01   4.2849108380E+01
O     4.5070544130E+01   4.7931071680E+01   4.2211705340E+01
O     3.6106191690E+01   4.5429119400E+01   3.7140028090E+01
O     4.1612793730E+01   4.5203502310E+01   4.6048341210E+01
O     4.6536911910E+01   4.2511220040E+01   4.8875747880E+01
O     4.3808504440E+01   4.5453744660E+01   3.7506114060E+01
O     4.7710305740E+01   4.3194970960E+01   4.4875332980E+01
O     4.2272702830E+01   3.1538900770E+01   4.1410187330E+01
O     4.2184347000E+01   4.5933056650E+01   3.5588506390E+01
O     4.5251040510E+01   4.3479101800E+01   3.8690288470E+01
O     4.4739608200E+01   3.3845550360E+01   3.9510376390E+01
O     4.3644166930E+01   4.5846458490E+01   4.7478020640E+01
O     4.5204365880E+01   4.1396384600E+01   4.0166876600E+01
O     4.5546737020E+01   3.5725600700E+01   3.7945589150E+01
O     3.1459141800E+01   4.1259755520E+01   4.4635753870E+01
O     4.3321327060E+01   4.6316521420E+01   4.0979354480E+01
O     4.7548157340E+01   4.1339891060E+01   4.3324092620E+01
O     3.6060312250E+01   4.8069106330E+01   4.1103908410E+01
O     4.7818080600E+01   3.5524328860E+01   4.4132199150E+01
O     4.1769127050E+01   4.7928253950E+01   4.2458728710E+01
O     4.7618305430E+01   3.9734708060E+01   3.4951055300E+01
O     3.9996415490E+01   4.5329527280E+01   3.7135209520E+01
O     3.7919478110E+01   4.5520783250E+01   4.5929568940E+01
O     4.5834115210E+01   3.9762492510E+01   4.8450378390E+01
O     4.8011030160E+01   3.9182908730E+01   4.4731158210E+01
O     3.9844448080E+01   4.6039658660E+01   4.7661089300E+01
O     4.7158132180E+01   3.7527566940E+01   4.2623559660E+01
O     3.9823206200E+01   3.2384579240E+01   4.1357980750E+01
O     3.8124138510E+01   4.5501229940E+01   3.5428504530E+01
O     4.5484124120E+01   3.9661925830E+01   3.8403105670E+01
O     4.5630444520E+01   3.7497424100E+01   3.9993471900E+01
O     3.7985101400E+01   4.7399878270E+01   4.2574712650E+01
O     3.9896217860E+01   4.7346135890E+01   4.0821056370E+01
O     4.2245487650E+01   4.9205860630E+01   4.0065126110E+01
O     4.5763550350E+01   4.1230156550E+01   4.6122465720E+01
O     4.7365118990E+01   4.1719072950E+01   3.7829595740E+01
O     4.3252724520E+01   4.7535957700E+01   4.4880980310E+01
O     4.5201206180E+01   3.5524792340E+01   4.2296296270E+01
O     4.5534922360E+01   4.1632329980E+01   3.6112204730E+01
O     4.1765611560E+01   4.7342281720E+01   3.8308961970E+01
O     4.7214527730E+01   3.4927341940E+01   4.0620762110E+01
O     3.5384211670E+01   4.7247692430E+01   4.4698014970E+01
O     4.1251395800E+01   4.5238541780E+01   3.9886348590E+01
O     4.1560977520E+01   3.1885355700E+01   3.8151561380E+01
O     3.6068406650E+01   4.5580096610E+01   4.3100336310E+01
O     4.7488310540E+01   4.2840688820E+01   4.1045553560E+01
O     4.3982428240E+01   4.5474705590E+01   4.3382501820E+01
O     3.4464324970E+01   4.5493593890E+01   4.0122455330E+01
O     4.5296935060E+01   4.3041580780E+01   4.2857714970E+01
O     4.3469195880E+01   4.3729525810E+01   3.5286917490E+01
O     3.5945272950E+01   4.1805746930E+01   3.7640598940E+01
O     4.1603914280E+01   4.1360469790E+01   4.6382910340E+01
O     4.1451379200E+01   4.3546648400E+01   4.8460762980E+01
O     3.4196385990E+01   4.1513477140E+01   4.4899526330E+01
O     3.5620266890E+01   4.3628599420E+01   3.4750832320E+01
O     4.3470397800E+01   4.1637292450E+01   3.7615043320E+01
O     3.5567277770E+01   3.7147267430E+01   3.4186683580E+01
O     4.3511106010E+01   3.3805468020E+01   3.6787036100E+01
O     4.1802186250E+01   3.6242088930E+01   4.8705855340E+01
O     4.1551966630E+01   3.3635130370E+01   4.5885290840E+01
O     4.3511242990E+01   3.5861856620E+01   3.4733972830E+01
O     4.1564976040E+01   4.3201824850E+01   3.1903559800E+01
O     3.5740891050E+01   3.3427639850E+01   3.7847531380E+01
O     4.3685220900E+01   4.3623685830E+01   4.5344558720E+01
O     4.1270797360E+01   3.6309740460E+01   4.2247941930E+01
O     3.5609596470E+01   4.1695752940E+01   4.7427534770E+01
O     4.2463925940E+01   3.3846784770E+01   4.3124084310E+01
O     3.3786422780E+01   4.3618286840E+01   3.8444825240E+01
O     3.5685778220E+01   3.5906853720E+01   4.0719323410E+01
O     4.1624077550E+01   4.1480147980E+01   3.5780110930E+01
O     4.1901393150E+01   4.3592100550E+01   3.8350522670E+01
O     3.4891545630E+01   3.4072349660E+01   4.3572454070E+01
O     3.3796830270E+01   4.2083602060E+01   3.6371423930E+01
O     4.3308629170E+01   3.5962309940E+01   4.0700310110E+01
O     3.5958412170E+01   4.3668417020E+01   4.4979160240E+01
O     4.1604583170E+01   3.3978139610E+01   3.9740737530E+01
O     4.3430626540E+01   4.2055759200E+01   4.7917741320E+01
O     3.3613099380E+01   3.5595940300E+01   4.1985055060E+01
O     3.4536714320E+01   3.6481797460E+01   4.4606250320E+01
O     4.1811491820E+01   4.1501178410E+01   4.0047711680E+01
O     3.3981808460E+01   4.3782421530E+01   4.2499662080E+01
O     4.1661011720E+01   3.5904565660E+01   3.8161043200E+01
O     3.6296392210E+01   4.1717845930E+01   4.3285512800E+01
O     4.3599126890E+01   4.3769527870E+01   4.1131211660E+01
O     4.3267029860E+01   4.1590644160E+01   4.3809981710E+01
O     3.3460395390E+01   3.6318718780E+01   3.8354630330E+01
O     3.6207607660E+01   4.3556348540E+01   4.0925266760E+01
O     4.1379323490E+01   3.3480748850E+01   3.5209143170E+01
O     3.3682156740E+01   4.1833656840E+01   4.0325661940E+01
O     4.3530089690E+01   3.5800073830E+01   4.4927698530E+01
O     4.1736190780E+01   4.3437861850E+01   4.2570313650E+01
O     4.1230074030E+01   4.1859447410E+01   5.0498902250E+01
O     3.4824404750E+01   4.0895794540E+01   3.4065141850E+01
O     4.3494781270E+01   4.1899444300E+01   3.3556011610E+01
O     4.3580599650E+01   3.9749332080E+01   3.5193673710E+01
O     3.9761776470E+01   4.2179890370E+01   3.7234952490E+01
O     3.7808234760E+01   4.1558711680E+01   4.6350685490E+01
O     4.1976864670E+01   3.9572475600E+01   4.8828141380E+01
O     3.6009903750E+01   4.0195756970E+01   3.4771791490E+01
O     3.9716721120E+01   3.4036221980E+01   3.7420674520E+01
O     3.8538307910E+01   3.3092727240E+01   4.5980566300E+01
O     3.3777617730E+01   3.8140079730E+01   4.0256355630E+01
O     4.3907943820E+01   3.9623639300E+01   4.5273370640E+01
O     3.7554179610E+01   3.5657640240E+01   4.2383795870E+01
O     3.9527639050E+01   4.1303209860E+01   4.8002331400E+01
O     4.3371587230E+01   3.7844245840E+01   4.3249200480E+01
O     3.3579676940E+01   4.0006230990E+01   3.8674912920E+01
O     3.9488335930E+01   3.5916067420E+01   4.0505446300E+01
O     3.7802732450E+01   4.2178276370E+01   3.5890899090E+01
O     4.1501533220E+01   3.9802765800E+01   3.8231619500E+01
O     3.6126232940E+01   3.7774682720E+01   4.3346211540E+01
O     3.6024347580E+01   3.9617505440E+01   4.5069904400E+01
O     4.1739394320E+01   3.7727442320E+01   3.9594011020E+01
O     3.8070872870E+01   4.3879648490E+01   4.2647913390E+01
O     3.7931694200E+01   3.2885241580E+01   3.5971975440E+01
O     3.9850155420E+01   4.3104015480E+01   4.1038835580E+01
O     4.3554393900E+01   3.8158269790E+01   3.3300352430E+01
O     4.9447144290E+01   3.9727091110E+01   4.2106923340E+01
O     3.8424655160E+01   4.9375188700E+01   4.0569292190E+01
O     3.9816080230E+01   4.9722740670E+01   4.2953412410E+01
O     3.9750100250E+01   4.7604896530E+01   3.4879924360E+01
O     4.5617695390E+01   3.7552183790E+01   4.5412207440E+01
O     4.7293804580E+01   3.8076966180E+01   3.7423715210E+01
O     3.9870866990E+01   4.7708407610E+01   4.4958370250E+01
O     4.5541051870E+01   3.9769417110E+01   4.2679205470E+01
O     3.8501692760E+01   4.7400059390E+01   3.8306168770E+01
O     3.2073747030E+01   4.0251360150E+01   4.2127719500E+01
O     4.5532679310E+01   3.7627815280E+01   3.5576487790E+01
O     4.7490017960E+01   3.9644572970E+01   4.0503090620E+01
O     3.7833493210E+01   4.5598496800E+01   3.9968662540E+01
O     4.0195749050E+01   4.5564110150E+01   4.3465999770E+01
O     3.9356286110E+01   4.5372432270E+01   3.3051644210E+01
O     4.0673847050E+01   4.3614260750E+01   3.4467637370E+01
O     4.1320415820E+01   4.0225477970E+01   3.2275885180E+01
O     3.5852629340E+01   3.8188439910E+01   3.7539120350E+01
O     3.7852951970E+01   4.3575926810E+01   4.8438487470E+01
O     4.1613554510E+01   3.7901941780E+01   4.6002686760E+01
O     3.3466057310E+01   3.8725937960E+01   4.5236065670E+01
O     4.3546689410E+01   3.7791226630E+01   3.7372988310E+01
O     3.9246316550E+01   3.5627419410E+01   3.4869869390E+01
O     3.7665814270E+01   3.6481929860E+01   4.9103110230E+01
O     3.7969117860E+01   3.3756387320E+01   3.9758567280E+01
O     3.9759218070E+01   4.3499319930E+01   4.5209525070E+01
O     4.1609324540E+01   3.9595691800E+01   4.2434965860E+01
O     3.5533757250E+01   3.7790710810E+01   4.7531302860E+01
O     3.9736030120E+01   3.4039645850E+01   4.3614916310E+01
O     3.8001735750E+01   4.3783265060E+01   3.8441287990E+01
O     3.5935719250E+01   3.9440048080E+01   4.0836343710E+01
O     4.1496311520E+01   3.7677159750E+01   3.5484982290E+01
O     3.3915822300E+01   3.8257744640E+01   3.6135908270E+01
O     4.3694208630E+01   3.9353686240E+01   4.0922614630E+01
O     4.3721645250E+01   3.7935926750E+01   4.7442725350E+01
O     3.4439734220E+01   3.9842451380E+01   4.2839279530E+01
O     3.9899858070E+01   3.6193538540E+01   4.4996358510E+01
O     3.7914129670E+01   4.1742325640E+01   3.9990107880E+01
O     3.7354155850E+01   3.5810318860E+01   3.8158193000E+01
O     3.9997322580E+01   4.1530831970E+01   4.3770718020E+01
O     3.8946033480E+01   4.2047402240E+01   3.3269874590E+01
O     3.9530176220E+01   4.0010976140E+01   3.4732762360E+01
O     3.7934620490E+01   3.9500537860E+01   3.2211076450E+01
O     3.9669840990E+01   3.7493954190E+01   3.7190691990E+01
O     3.7055873080E+01   3.9740534250E+01   4.8689136130E+01
O     3.7568561190E+01   3.7700572280E+01   4.6115265370E+01
O     3.7684463900E+01   3.7796117570E+01   3.9634368180E+01
O     3.9582365870E+01   3.9668521240E+01   4.5332398350E+01
O     3.8107221350E+01   4.0153132340E+01   4.2429355410E+01
O     3.9628930760E+01   3.7939904090E+01   4.7763605000E+01
O     3.9183386320E+01   3.7882326680E+01   4.3526648110E+01
O     3.8144018240E+01   3.9833689270E+01   3.8078629960E+01
O     3.9765606340E+01   3.9019314640E+01   4.0934166070E+01
O     3.7696164850E+01   3.8121981720E+01   3.5755202880E+01
O     4.0182712760E+01   3.8004205250E+01   3.3143044830E+01
