Ti    4.8199757920E+01   4.2642501480E+01   3.9289094610E+01
Ti    4.9298467910E+01   3.9866931950E+01   4.0274134480E+01
Ti    4.5934754820E+01   4.5251049850E+01   3.8191240170E+01
Ti    4.5103704940E+01   4.6881472570E+01   4.0579026930E+01
Ti    3.6343932380E+01   4.5280669670E+01   3.5253205540E+01
Ti    4.1576737480E+01   4.5306367330E+01   4.7971742620E+01
Ti    4.4168893920E+01   4.5458327820E+01   3.5596169670E+01
Ti    4.7147950510E+01   4.3479881730E+01   4.3021430780E+01
Ti    4.1215788990E+01   3.2115845320E+01   3.9981075410E+01
Ti    3.6254158820E+01   4.5502473520E+01   4.5019624850E+01
Ti    4.1856693180E+01   4.5446744930E+01   3.7792849500E+01
Ti    4.5319423840E+01   4.3143953440E+01   4.0654394590E+01
Ti    3.4678394290E+01   4.5244811990E+01   3.8279977170E+01
Ti    4.5182288290E+01   3.3905211260E+01   3.7651446130E+01
Ti    4.3844570350E+01   4.5826724370E+01   4.5639075340E+01
Ti    4.5318966270E+01   4.1584037110E+01   3.8292910850E+01
Ti    4.5127756510E+01   3.5604230160E+01   4.0140935270E+01
Ti    4.3419197500E+01   4.7197447920E+01   4.3013477640E+01
Ti    4.7424340220E+01   4.1235189860E+01   4.5193588200E+01
Ti    3.6155557920E+01   4.7607666470E+01   4.2965812970E+01
Ti    4.7059202730E+01   3.5441040180E+01   4.2311398710E+01
Ti    4.1796100270E+01   4.7353652620E+01   4.0272167820E+01
Ti    4.5219462360E+01   4.1530647140E+01   4.8152558020E+01
Ti    4.7344463560E+01   4.1265696740E+01   3.5995547220E+01
Ti    4.0099553900E+01   4.5690357480E+01   3.4795699020E+01
Ti    3.8139572720E+01   4.5286745880E+01   4.7747579090E+01
Ti    4.7576911320E+01   3.9492762320E+01   4.2683701870E+01
Ti    3.9893190260E+01   4.5755271340E+01   4.5395598980E+01
Ti    4.7306591990E+01   3.7292690900E+01   4.4577795000E+01
Ti    4.1010346740E+01   3.2749577480E+01   4.2787184750E+01
Ti    3.8227756020E+01   4.5634625670E+01   3.7663206600E+01
Ti    4.5537346880E+01   3.9389684150E+01   4.0462004490E+01
Ti    3.3077008870E+01   4.0299685830E+01   4.4229343770E+01
Ti    4.5421894060E+01   3.7817242110E+01   3.7819118480E+01
Ti    3.7880001610E+01   4.7506367160E+01   4.0305870750E+01
Ti    3.9969468150E+01   4.7776715800E+01   4.3004607070E+01
Ti    4.7264796580E+01   3.8024479270E+01   3.5494638280E+01
Ti    4.5287988850E+01   3.9052569950E+01   4.6588897980E+01
Ti    4.2334726080E+01   4.3417605550E+01   3.3771058380E+01
Ti    3.5880664880E+01   4.1870953720E+01   3.5626878070E+01
Ti    4.1298658650E+01   4.1670329290E+01   4.8678955540E+01
Ti    4.3635288310E+01   4.1638617940E+01   3.5802163680E+01
Ti    4.3060167490E+01   3.4175663430E+01   3.4865851200E+01
Ti    4.3497632360E+01   4.3545213180E+01   4.3432602380E+01
Ti    4.1313524930E+01   3.5902386600E+01   4.0042994180E+01
Ti    3.6106541380E+01   4.1460385820E+01   4.5447978260E+01
Ti    4.3049425260E+01   3.3934187930E+01   4.4906067260E+01
Ti    3.4351408880E+01   4.3711990220E+01   4.0647155540E+01
Ti    3.5333644220E+01   3.5707273940E+01   4.2877930130E+01
Ti    4.1504942950E+01   4.1724452700E+01   3.7942414690E+01
Ti    4.1763112310E+01   4.3504269490E+01   4.0609119350E+01
Ti    3.4059468420E+01   4.1834419120E+01   3.8191639650E+01
Ti    4.3257845940E+01   3.5881794300E+01   4.2670548590E+01
Ti    3.5904424990E+01   4.3566851190E+01   4.2850395690E+01
Ti    4.1660358670E+01   3.3781384140E+01   3.7398428700E+01
Ti    4.3471281630E+01   4.1480145880E+01   4.5819262220E+01
Ti    3.3892063890E+01   3.6285158380E+01   4.0258144410E+01
Ti    4.2901714830E+01   4.0027493640E+01   3.3328220990E+01
Ti    3.9702170140E+01   4.1798393980E+01   3.5349381390E+01
Ti    3.7379148640E+01   4.1809288940E+01   4.8310157360E+01
Ti    3.9411818420E+01   3.3900334560E+01   3.5416150730E+01
Ti    3.4029536020E+01   3.8347297620E+01   3.8074525050E+01
Ti    4.3517552870E+01   3.9712944250E+01   4.3068851440E+01
Ti    3.7549893060E+01   3.5652980150E+01   4.0350156800E+01
Ti    3.9711718250E+01   4.1438904900E+01   4.5952218490E+01
Ti    4.3341193640E+01   3.7719952530E+01   4.5160306090E+01
Ti    3.3770511510E+01   3.9993088970E+01   4.1014843880E+01
Ti    3.9397562750E+01   3.6124637050E+01   4.2766295490E+01
Ti    3.8057422840E+01   4.1775601230E+01   3.7988437050E+01
Ti    4.1763999520E+01   3.9582723480E+01   4.0402403720E+01
Ti    3.5498464440E+01   3.7838419410E+01   4.5584812050E+01
Ti    3.6415848840E+01   3.9582478630E+01   4.2761891230E+01
Ti    4.1702402340E+01   3.8009286420E+01   3.7721060490E+01
Ti    3.9807131300E+01   3.4368035110E+01   4.5553066000E+01
Ti    3.8066193650E+01   4.3719501760E+01   4.0400294940E+01
Ti    3.7526361600E+01   3.3997935330E+01   3.7848256070E+01
Ti    3.9937281060E+01   4.3354148390E+01   4.3271901480E+01
Ti    4.3692124020E+01   3.7808026210E+01   3.5102921350E+01
Ti    3.5666628940E+01   3.8461570450E+01   3.5488961000E+01
Ti    4.1945065410E+01   3.7981909690E+01   4.7998947960E+01
Ti    3.9872264610E+01   4.3559554030E+01   3.2638616900E+01
Ti    3.9542036260E+01   4.0193829220E+01   3.2895253630E+01
Ti    3.9723060830E+01   3.7601792220E+01   3.4930874160E+01
Ti    3.7474343250E+01   3.7906396210E+01   4.8083091420E+01
Ti    3.7824460870E+01   3.7962055660E+01   3.7656058140E+01
Ti    3.9854054980E+01   3.9613692840E+01   4.3125445110E+01
Ti    3.8071065740E+01   3.9797954840E+01   4.0178683710E+01
Ti    3.9466317300E+01   3.7797045150E+01   4.5824022830E+01
O     4.9730828470E+01   4.1655132590E+01   3.9664425360E+01
O     4.9576680680E+01   3.8585106250E+01   3.8423400690E+01
O     5.0297944700E+01   3.9044534340E+01   3.8401778800E+01
O     4.5667841770E+01   4.6082899980E+01   4.5449821980E+01
O     4.7733608530E+01   4.4367822720E+01   3.8347734790E+01
O     4.5913885350E+01   4.5880213060E+01   3.6007819350E+01
O     4.5526851000E+01   4.7130360780E+01   3.8561887350E+01
O     4.6043402420E+01   4.5272794370E+01   4.0398466710E+01
O     4.7936798600E+01   4.5169920970E+01   4.2874422580E+01
O     4.5068495320E+01   4.7914061020E+01   4.2226451990E+01
O     3.6148619100E+01   4.5420707920E+01   3.7122555570E+01
O     4.1620624040E+01   4.5180106220E+01   4.6089905770E+01
O     4.6594797680E+01   4.2459371770E+01   4.8869012680E+01
O     4.3831977020E+01   4.5457133960E+01   3.7480315360E+01
O     4.7669836460E+01   4.3159449060E+01   4.4903633660E+01
O     4.2302439670E+01   3.1597557630E+01   4.1359368170E+01
O     4.2191131320E+01   4.5921039450E+01   3.5566032460E+01
O     4.5236823150E+01   4.3463293500E+01   3.8709747740E+01
O     4.4686840920E+01   3.3838734550E+01   3.9458997520E+01
O     4.3673803400E+01   4.5845635440E+01   4.7500468980E+01
O     4.5198269270E+01   4.1374037160E+01   4.0184399190E+01
O     4.5540192440E+01   3.5721160270E+01   3.7933925110E+01
O     3.1504275240E+01   4.1344926800E+01   4.4657661240E+01
O     4.3325939660E+01   4.6278655340E+01   4.1000090500E+01
O     4.7595833770E+01   4.1322815020E+01   4.3328825540E+01
O     3.6084435070E+01   4.8104184530E+01   4.1115473600E+01
O     4.7770536540E+01   3.5456393270E+01   4.4093049850E+01
O     4.1787125590E+01   4.7939550120E+01   4.2446752270E+01
O     4.7598617690E+01   3.9729488140E+01   3.4926301740E+01
O     4.0029000980E+01   4.5283189930E+01   3.7103949340E+01
O     3.7940798010E+01   4.5530089220E+01   4.5929929800E+01
O     4.5765231130E+01   3.9711766230E+01   4.8406812790E+01
O     4.7979891830E+01   3.9120736620E+01   4.4663228090E+01
O     3.9856517300E+01   4.6051315780E+01   4.7673033550E+01
O     4.7121791040E+01   3.7466410250E+01   4.2535532380E+01
O     3.9844631330E+01   3.2415408420E+01   4.1330983860E+01
O     3.8148380080E+01   4.5510313230E+01   3.5405381170E+01
O     4.5473648810E+01   3.9638815750E+01   3.8418289010E+01
O     4.5625243020E+01   3.7465213770E+01   3.9979725800E+01
O     3.7993434010E+01   4.7388901210E+01   4.2572486380E+01
O     3.9930237820E+01   4.7312822110E+01   4.0838981960E+01
O     4.2307372290E+01   4.9161442640E+01   4.0041281120E+01
O     4.5780262440E+01   4.1121351690E+01   4.6094317150E+01
O     4.7312985350E+01   4.1693839710E+01   3.7859780400E+01
O     4.3216418450E+01   4.7504870900E+01   4.4888150970E+01
O     4.5174313720E+01   3.5502729210E+01   4.2192571160E+01
O     4.5551256730E+01   4.1637717660E+01   3.6112448560E+01
O     4.1777742770E+01   4.7315373430E+01   3.8299481430E+01
O     4.7163615140E+01   3.4818002480E+01   4.0589010270E+01
O     3.5395911090E+01   4.7257964940E+01   4.4712062660E+01
O     4.1257864260E+01   4.5212746760E+01   3.9871587830E+01
O     4.1566572510E+01   3.1901248810E+01   3.8101561830E+01
O     3.6071510800E+01   4.5614978950E+01   4.3102222110E+01
O     4.7487951890E+01   4.2807680520E+01   4.1068786060E+01
O     4.4032003730E+01   4.5467376080E+01   4.3396807870E+01
O     3.4531459810E+01   4.5514912570E+01   4.0141139290E+01
O     4.5284806780E+01   4.2983276950E+01   4.2877585340E+01
O     4.3478775920E+01   4.3780600510E+01   3.5273671500E+01
O     3.5950816380E+01   4.1838281970E+01   3.7661837350E+01
O     4.1606148730E+01   4.1322573890E+01   4.6436167420E+01
O     4.1445009690E+01   4.3543458110E+01   4.8501564430E+01
O     3.4243227970E+01   4.1552050460E+01   4.4899217460E+01
O     3.5631421120E+01   4.3626230500E+01   3.4740739640E+01
O     4.3485166260E+01   4.1603995810E+01   3.7629484490E+01
O     3.5550571580E+01   3.7166597520E+01   3.4211560740E+01
O     4.3501278070E+01   3.3833119070E+01   3.6727246210E+01
O     4.1874571320E+01   3.6242331130E+01   4.8674151850E+01
O     4.1529209180E+01   3.3624593520E+01   4.5858426340E+01
O     4.3491523120E+01   3.5894524260E+01   3.4699828170E+01
O     4.1558777270E+01   4.3218806150E+01   3.1949558230E+01
O     3.5730783620E+01   3.3414322570E+01   3.7832633730E+01
O     4.3716531760E+01   4.3624358190E+01   4.5375567680E+01
O     4.1228132890E+01   3.6344791650E+01   4.2202209250E+01
O     3.5631106100E+01   4.1680956300E+01   4.7458539700E+01
O     4.2498062850E+01   3.3891417730E+01   4.3088435490E+01
O     3.3789649380E+01   4.3657516230E+01   3.8472228840E+01
O     3.5635282310E+01   3.5920441370E+01   4.0761047260E+01
O     4.1645513290E+01   4.1524323020E+01   3.5764359610E+01
O     4.1951585950E+01   4.3569924030E+01   3.8368479920E+01
O     3.4800282930E+01   3.4147818640E+01   4.3613933530E+01
O     3.3801895800E+01   4.2142587790E+01   3.6395907580E+01
O     4.3261679630E+01   3.5967380250E+01   4.0667318170E+01
O     3.6015016450E+01   4.3670658100E+01   4.4977557150E+01
O     4.1577586980E+01   3.3991853580E+01   3.9688823010E+01
O     4.3429680100E+01   4.2098330300E+01   4.7946327010E+01
O     3.3422596030E+01   3.5523730550E+01   4.1866121670E+01
O     3.4451492610E+01   3.6581961900E+01   4.4557455740E+01
O     4.1844408780E+01   4.1479765970E+01   4.0129189350E+01
O     3.4002309540E+01   4.3798380750E+01   4.2515110340E+01
O     4.1639231600E+01   3.5922183090E+01   3.8133156150E+01
O     3.6316013040E+01   4.1711837860E+01   4.3287828260E+01
O     4.3617399920E+01   4.3768471180E+01   4.1164204120E+01
O     4.3233009940E+01   4.1596252220E+01   4.3849295650E+01
O     3.3434694540E+01   3.6351613930E+01   3.8344272200E+01
O     3.6236340480E+01   4.3572653270E+01   4.0935603510E+01
O     4.1360302460E+01   3.3498971450E+01   3.5155566790E+01
O     3.3715316640E+01   4.1843392900E+01   4.0342349680E+01
O     4.3526213350E+01   3.5782893320E+01   4.4905607750E+01
O     4.1746922280E+01   4.3427219370E+01   4.2584392680E+01
O     4.1249451180E+01   4.1856572640E+01   5.0544211580E+01
O     3.4765074480E+01   4.0924871620E+01   3.4108348900E+01
O     4.3446947360E+01   4.1908600470E+01   3.3584791830E+01
O     4.3587528550E+01   3.9751959520E+01   3.5208477090E+01
O     3.9768806870E+01   4.2197023740E+01   3.7207112650E+01
O     3.7829099070E+01   4.1560990320E+01   4.6389789360E+01
O     4.2007719800E+01   3.9575224770E+01   4.8853304650E+01
O     3.5987775610E+01   4.0226595320E+01   3.4756546800E+01
O     3.9700792980E+01   3.4042690500E+01   3.7387580080E+01
O     3.8518031290E+01   3.3104187600E+01   4.5947676010E+01
O     3.3766725120E+01   3.8183718620E+01   4.0250220110E+01
O     4.3871721050E+01   3.9612398420E+01   4.5271590280E+01
O     3.7544193930E+01   3.5647855440E+01   4.2375311870E+01
O     3.9524449050E+01   4.1295946420E+01   4.8059911010E+01
O     4.3367786870E+01   3.7844803840E+01   4.3237904550E+01
O     3.3557888130E+01   4.0048768920E+01   3.8612473940E+01
O     3.9444281690E+01   3.5916148520E+01   4.0489138050E+01
O     3.7796743760E+01   4.2175504620E+01   3.5904863750E+01
O     4.1480483290E+01   3.9816090810E+01   3.8250177600E+01
O     3.6174934310E+01   3.7775676450E+01   4.3375265160E+01
O     3.6038652730E+01   3.9616898240E+01   4.5098811740E+01
O     4.1729119240E+01   3.7721891910E+01   3.9573471890E+01
O     3.8084373150E+01   4.3911522060E+01   4.2660754050E+01
O     3.7926406070E+01   3.2860044410E+01   3.5967821360E+01
O     3.9843666760E+01   4.3080532180E+01   4.1065765070E+01
O     4.3538184050E+01   3.8185670500E+01   3.3300860980E+01
O     4.9448974360E+01   3.9679595270E+01   4.2100611020E+01
O     3.8480570970E+01   4.9343862820E+01   4.0552906310E+01
O     3.9829647430E+01   4.9716173160E+01   4.2955856240E+01
O     3.9763382890E+01   4.7613909700E+01   3.4852417660E+01
O     4.5598013010E+01   3.7587317710E+01   4.5399751570E+01
O     4.7283685490E+01   3.8098115090E+01   3.7406706620E+01
O     3.9896038900E+01   4.7706717790E+01   4.4961131520E+01
O     4.5559396790E+01   3.9755197920E+01   4.2691703060E+01
O     3.8612245750E+01   4.7375488410E+01   3.8311659160E+01
O     3.2093870890E+01   4.0315996670E+01   4.2158794040E+01
O     4.5527217510E+01   3.7607664480E+01   3.5577026480E+01
O     4.7483133460E+01   3.9619907070E+01   4.0499812620E+01
O     3.7827652500E+01   4.5611429460E+01   3.9945951330E+01
O     4.0232281210E+01   4.5553777850E+01   4.3480764670E+01
O     3.9350111570E+01   4.5389443890E+01   3.3022070510E+01
O     4.0551925610E+01   4.3589637960E+01   3.4469951510E+01
O     4.1278661090E+01   4.0238614010E+01   3.2248400310E+01
O     3.5841687230E+01   3.8211958170E+01   3.7509969800E+01
O     3.7863676140E+01   4.3618230830E+01   4.8457197850E+01
O     4.1611384160E+01   3.7901718950E+01   4.6016050280E+01
O     3.3478313930E+01   3.8784022290E+01   4.5293229160E+01
O     4.3537040680E+01   3.7804815610E+01   3.7371674030E+01
O     3.9223223350E+01   3.5628954400E+01   3.4849390920E+01
O     3.7698968840E+01   3.6429064620E+01   4.9121714500E+01
O     3.7955799530E+01   3.3749328410E+01   3.9740951180E+01
O     3.9776205200E+01   4.3493604270E+01   4.5231864530E+01
O     4.1597083560E+01   3.9581943220E+01   4.2444975720E+01
O     3.5547240940E+01   3.7752017090E+01   4.7547142170E+01
O     3.9743042140E+01   3.4051287410E+01   4.3602571750E+01
O     3.8036624490E+01   4.3789821060E+01   3.8452206810E+01
O     3.5950829500E+01   3.9429307010E+01   4.0851900770E+01
O     4.1490707930E+01   3.7698843580E+01   3.5472523420E+01
O     3.3889078440E+01   3.8304095230E+01   3.6138263150E+01
O     4.3693901630E+01   3.9319501590E+01   4.0924995690E+01
O     4.3760134290E+01   3.8023508610E+01   4.7395791450E+01
O     3.4461268410E+01   3.9822414720E+01   4.2874750150E+01
O     3.9931229160E+01   3.6214923070E+01   4.4974560170E+01
O     3.7921252790E+01   4.1748768660E+01   3.9998873180E+01
O     3.7326622070E+01   3.5810891990E+01   3.8144910750E+01
O     4.0007493550E+01   4.1527129990E+01   4.3802332110E+01
O     3.8900303610E+01   4.2059815170E+01   3.3255537620E+01
O     3.9538279310E+01   4.0023367510E+01   3.4715291240E+01
O     3.7876670750E+01   3.9489938380E+01   3.2284542080E+01
O     3.9664714440E+01   3.7490442270E+01   3.7180432530E+01
O     3.7011519790E+01   3.9617406280E+01   4.8791895730E+01
O     3.7579565670E+01   3.7696156250E+01   4.6127630350E+01
O     3.7661356460E+01   3.7785721940E+01   3.9614471850E+01
O     3.9580409950E+01   3.9665119250E+01   4.5357368360E+01
O     3.8127788020E+01   4.0173310860E+01   4.2433941780E+01
O     3.9651378300E+01   3.7916970680E+01   4.7786487710E+01
O     3.9135899800E+01   3.7888694200E+01   4.3534819110E+01
O     3.8160573490E+01   3.9840831500E+01   3.8078316500E+01
O     3.9756024440E+01   3.8970825230E+01   4.0942854360E+01
O     3.7717287120E+01   3.8165010390E+01   3.5745068620E+01
O     4.0178780750E+01   3.8031020730E+01   3.3140129670E+01
