Ti    4.8196860790E+01   4.2598672830E+01   3.9315259420E+01
Ti    4.9293067670E+01   3.9826300510E+01   4.0270780800E+01
Ti    4.5938419460E+01   4.5226631530E+01   3.8205360610E+01
Ti    4.5109010190E+01   4.6850742170E+01   4.0603374740E+01
Ti    3.6365431880E+01   4.5282483080E+01   3.5235841560E+01
Ti    4.1577878360E+01   4.5302119200E+01   4.8011965760E+01
Ti    4.4254064750E+01   4.5480249840E+01   3.5565166320E+01
Ti    4.7134997300E+01   4.3454015370E+01   4.3042471150E+01
Ti    4.1215142140E+01   3.2127117200E+01   3.9935680680E+01
Ti    3.6277681050E+01   4.5508624310E+01   4.5015630510E+01
Ti    4.1878809670E+01   4.5426321280E+01   3.7777264040E+01
Ti    4.5321933620E+01   4.3116252280E+01   4.0673030100E+01
Ti    3.4751642440E+01   4.5236210620E+01   3.8307748250E+01
Ti    4.5161650020E+01   3.3902467970E+01   3.7609520810E+01
Ti    4.3860761700E+01   4.5822384370E+01   4.5663386790E+01
Ti    4.5323992910E+01   4.1569215620E+01   3.8309949760E+01
Ti    4.5090439300E+01   3.5577326970E+01   4.0110937520E+01
Ti    4.3415450130E+01   4.7173888830E+01   4.3023451280E+01
Ti    4.7459649770E+01   4.1206511830E+01   4.5201476870E+01
Ti    3.6174529220E+01   4.7662943400E+01   4.2982458260E+01
Ti    4.7041192400E+01   3.5360549160E+01   4.2263541500E+01
Ti    4.1816305140E+01   4.7323194060E+01   4.0270857870E+01
Ti    4.5202746770E+01   4.1524269060E+01   4.8188373240E+01
Ti    4.7358113440E+01   4.1234177710E+01   3.6015390500E+01
Ti    4.0092631600E+01   4.5711147670E+01   3.4765279160E+01
Ti    3.8145660240E+01   4.5310518070E+01   4.7751714960E+01
Ti    4.7542971150E+01   3.9500217570E+01   4.2694566100E+01
Ti    3.9918502330E+01   4.5753450660E+01   4.5408688280E+01
Ti    4.7278891210E+01   3.7234426540E+01   4.4532879150E+01
Ti    4.1023138100E+01   3.2782968200E+01   4.2747987210E+01
Ti    3.8261279740E+01   4.5635389840E+01   3.7649602360E+01
Ti    4.5534208790E+01   3.9355405090E+01   4.0469378810E+01
Ti    3.3102764930E+01   4.0343876180E+01   4.4284474660E+01
Ti    4.5413905710E+01   3.7802460920E+01   3.7798517340E+01
Ti    3.7893629690E+01   4.7494228680E+01   4.0300629900E+01
Ti    3.9993878680E+01   4.7766880520E+01   4.2999847540E+01
Ti    4.7248076530E+01   3.8018115050E+01   3.5477178130E+01
Ti    4.5293238030E+01   3.9116427420E+01   4.6485089450E+01
Ti    4.2238548320E+01   4.3312543890E+01   3.3946255830E+01
Ti    3.5867962610E+01   4.1887162790E+01   3.5636675130E+01
Ti    4.1297893910E+01   4.1670528510E+01   4.8730939920E+01
Ti    4.3678416740E+01   4.1618120590E+01   3.5815282080E+01
Ti    4.3033929540E+01   3.4201552990E+01   3.4809609020E+01
Ti    4.3503954650E+01   4.3547494290E+01   4.3457484470E+01
Ti    4.1268926720E+01   3.5912109620E+01   4.0022995650E+01
Ti    3.6155897180E+01   4.1460264030E+01   4.5456774590E+01
Ti    4.3039846380E+01   3.3926271390E+01   4.4888415260E+01
Ti    3.4373979260E+01   4.3704222090E+01   4.0661897030E+01
Ti    3.5288867730E+01   3.5733035780E+01   4.2868627210E+01
Ti    4.1518641500E+01   4.1731750340E+01   3.7908900720E+01
Ti    4.1775429160E+01   4.3492039800E+01   4.0618050280E+01
Ti    3.4063339020E+01   4.1876822660E+01   3.8196525770E+01
Ti    4.3253812590E+01   3.5872074680E+01   4.2649340730E+01
Ti    3.5925957090E+01   4.3559557100E+01   4.2857112310E+01
Ti    4.1648682140E+01   3.3804336720E+01   3.7346875760E+01
Ti    4.3450579340E+01   4.1517163050E+01   4.5850604120E+01
Ti    3.3858708370E+01   3.6351955000E+01   4.0253718880E+01
Ti    4.2844947550E+01   4.0037569360E+01   3.3346619590E+01
Ti    3.9650531870E+01   4.1802079780E+01   3.5336456200E+01
Ti    3.7384340660E+01   4.1818550680E+01   4.8360845380E+01
Ti    3.9386010130E+01   3.3890540410E+01   3.5381861700E+01
Ti    3.4022285720E+01   3.8400222580E+01   3.8069367780E+01
Ti    4.3492283950E+01   3.9712173330E+01   4.3063255720E+01
Ti    3.7510272070E+01   3.5638684640E+01   4.0339754590E+01
Ti    3.9724191300E+01   4.1438179950E+01   4.5955154550E+01
Ti    4.3318810530E+01   3.7710705650E+01   4.5140254690E+01
Ti    3.3810756530E+01   4.0009208670E+01   4.1139642860E+01
Ti    3.9371076720E+01   3.6143768830E+01   4.2750216630E+01
Ti    3.8073156640E+01   4.1784591580E+01   3.7994672370E+01
Ti    4.1760150030E+01   3.9584487040E+01   4.0395947350E+01
Ti    3.5497145940E+01   3.7843526180E+01   4.5601743990E+01
Ti    3.6454917450E+01   3.9572135940E+01   4.2782499450E+01
Ti    4.1692126400E+01   3.8028825940E+01   3.7706516100E+01
Ti    3.9798548720E+01   3.4385065990E+01   4.5533533550E+01
Ti    3.8092258350E+01   4.3733517440E+01   4.0413374520E+01
Ti    3.7513856520E+01   3.3996518740E+01   3.7827489140E+01
Ti    3.9956243420E+01   4.3349416970E+01   4.3287249790E+01
Ti    4.3691892460E+01   3.7814654170E+01   3.5099407860E+01
Ti    3.5592553740E+01   3.8506664420E+01   3.5482340570E+01
Ti    4.1962316240E+01   3.7998855880E+01   4.8004988360E+01
Ti    3.9836377000E+01   4.3571438640E+01   3.2609673180E+01
Ti    3.9506856820E+01   4.0205514600E+01   3.2881260230E+01
Ti    3.9725821680E+01   3.7584155150E+01   3.4915228500E+01
Ti    3.7492945860E+01   3.7875452150E+01   4.8111969270E+01
Ti    3.7816116950E+01   3.7957241280E+01   3.7635993370E+01
Ti    3.9856511110E+01   3.9607699880E+01   4.3165669670E+01
Ti    3.8080656540E+01   3.9828081930E+01   4.0188263760E+01
Ti    3.9472702550E+01   3.7791088340E+01   4.5846751410E+01
O     4.9734235460E+01   4.1619542420E+01   3.9672604950E+01
O     4.9549571000E+01   3.8571902080E+01   3.8395701250E+01
O     5.0265790080E+01   3.9038279990E+01   3.8367372520E+01
O     4.5671317130E+01   4.6141420570E+01   4.5471014540E+01
O     4.7737677800E+01   4.4323202170E+01   3.8365363620E+01
O     4.5983682680E+01   4.5868434680E+01   3.6026377770E+01
O     4.5532103290E+01   4.7106925030E+01   3.8565770860E+01
O     4.6053556380E+01   4.5245244860E+01   4.0410725180E+01
O     4.7925807700E+01   4.5144937000E+01   4.2898079560E+01
O     4.5068219410E+01   4.7895879900E+01   4.2242639110E+01
O     3.6183911320E+01   4.5407995200E+01   3.7105303510E+01
O     4.1625399870E+01   4.5157276010E+01   4.6133931070E+01
O     4.6638422820E+01   4.2386742920E+01   4.8882327400E+01
O     4.3857082990E+01   4.5463947900E+01   3.7442318710E+01
O     4.7663712870E+01   4.3139293810E+01   4.4923269650E+01
O     4.2320737050E+01   3.1648921780E+01   4.1311027360E+01
O     4.2172440760E+01   4.5922229810E+01   3.5551716270E+01
O     4.5223703940E+01   4.3445396430E+01   3.8726786750E+01
O     4.4618669920E+01   3.3827728260E+01   3.9406108150E+01
O     4.3704195950E+01   4.5841699300E+01   4.7523056500E+01
O     4.5193893180E+01   4.1350117170E+01   4.0200238330E+01
O     4.5539674670E+01   3.5710625980E+01   3.7914259390E+01
O     3.1546859380E+01   4.1431443390E+01   4.4695798170E+01
O     4.3329559960E+01   4.6241815810E+01   4.1020914060E+01
O     4.7655700460E+01   4.1313490730E+01   4.3342302060E+01
O     3.6115186560E+01   4.8145855520E+01   4.1122434370E+01
O     4.7724155450E+01   3.5372396520E+01   4.4060382850E+01
O     4.1806458210E+01   4.7952345760E+01   4.2434632570E+01
O     4.7575459490E+01   3.9720777450E+01   3.4902102290E+01
O     4.0051963660E+01   4.5258454680E+01   3.7080611490E+01
O     3.7963363130E+01   4.5543569790E+01   4.5932648670E+01
O     4.5746116100E+01   3.9697227830E+01   4.8345676710E+01
O     4.7951936170E+01   3.9073138210E+01   4.4655546400E+01
O     3.9869390910E+01   4.6067353830E+01   4.7684079760E+01
O     4.7089842760E+01   3.7358769620E+01   4.2507103850E+01
O     3.9852485290E+01   3.2428798280E+01   4.1300017430E+01
O     3.8167609660E+01   4.5536978200E+01   3.5388345120E+01
O     4.5466590720E+01   3.9619530170E+01   3.8426021040E+01
O     4.5614961050E+01   3.7435503650E+01   3.9965335990E+01
O     3.8001115120E+01   4.7381828690E+01   4.2568759820E+01
O     3.9958179400E+01   4.7277913800E+01   4.0860834150E+01
O     4.2366557060E+01   4.9117934590E+01   4.0018301210E+01
O     4.5767216640E+01   4.1114989230E+01   4.6088663360E+01
O     4.7311923100E+01   4.1658451190E+01   3.7880215390E+01
O     4.3176814050E+01   4.7469714320E+01   4.4893962850E+01
O     4.5154501450E+01   3.5474710770E+01   4.2156386940E+01
O     4.5580819640E+01   4.1656935230E+01   3.6123717240E+01
O     4.1790846440E+01   4.7292450670E+01   3.8292188300E+01
O     4.7104914540E+01   3.4725807820E+01   4.0542440190E+01
O     3.5410082320E+01   4.7266655520E+01   4.4716175160E+01
O     4.1268143950E+01   4.5190248280E+01   3.9856765590E+01
O     4.1578945740E+01   3.1919510390E+01   3.8055710970E+01
O     3.6079196490E+01   4.5639355590E+01   4.3103676860E+01
O     4.7486279000E+01   4.2773022780E+01   4.1093953780E+01
O     4.4090162760E+01   4.5462749450E+01   4.3403579400E+01
O     3.4598526360E+01   4.5518122440E+01   4.0167971510E+01
O     4.5276170160E+01   4.2927698310E+01   4.2897151320E+01
O     4.3526006180E+01   4.3809436110E+01   3.5254917550E+01
O     3.5953186910E+01   4.1863983760E+01   3.7678217350E+01
O     4.1594820030E+01   4.1308332820E+01   4.6491822550E+01
O     4.1432622740E+01   4.3542247230E+01   4.8547527870E+01
O     3.4293147120E+01   4.1592513420E+01   4.4912031780E+01
O     3.5645718080E+01   4.3630250720E+01   3.4720738980E+01
O     4.3490432810E+01   4.1571161850E+01   3.7631647780E+01
O     3.5549220720E+01   3.7178982290E+01   3.4238835100E+01
O     4.3490611450E+01   3.3859919150E+01   3.6667337050E+01
O     4.1943869100E+01   3.6246848720E+01   4.8651754630E+01
O     4.1514301830E+01   3.3619860830E+01   4.5831628710E+01
O     4.3476659120E+01   3.5914633440E+01   3.4656899790E+01
O     4.1559962540E+01   4.3213100130E+01   3.2053093580E+01
O     3.5717742030E+01   3.3403757930E+01   3.7812318370E+01
O     4.3728268610E+01   4.3653700070E+01   4.5397994950E+01
O     4.1206488800E+01   3.6386540510E+01   4.2154509170E+01
O     3.5646431970E+01   4.1673618240E+01   4.7488910740E+01
O     4.2508529360E+01   3.3938311790E+01   4.3058248970E+01
O     3.3785881590E+01   4.3694931580E+01   3.8505767790E+01
O     3.5598061670E+01   3.5959362370E+01   4.0757037940E+01
O     4.1704418280E+01   4.1719422070E+01   3.5647925530E+01
O     4.1990829080E+01   4.3558788510E+01   3.8376494550E+01
O     3.4699364260E+01   3.4223830450E+01   4.3668348760E+01
O     3.3814458260E+01   4.2247611580E+01   3.6405797740E+01
O     4.3233805260E+01   3.5964858190E+01   4.0641268370E+01
O     3.6073288030E+01   4.3673009910E+01   4.4985194840E+01
O     4.1543966650E+01   3.4009679060E+01   3.9641876880E+01
O     4.3422744480E+01   4.2136914710E+01   4.7975256240E+01
O     3.3401788570E+01   3.5489164970E+01   4.1812759890E+01
O     3.4367769080E+01   3.6693326630E+01   4.4506762540E+01
O     4.1855071560E+01   4.1471247850E+01   4.0106461700E+01
O     3.4021626120E+01   4.3799099340E+01   4.2527077830E+01
O     4.1619219790E+01   3.5939795170E+01   3.8104764550E+01
O     3.6339712720E+01   4.1701698380E+01   4.3297322760E+01
O     4.3630139060E+01   4.3755577310E+01   4.1187991170E+01
O     4.3203651540E+01   4.1620525420E+01   4.3882443880E+01
O     3.3406016590E+01   3.6385832380E+01   3.8343303920E+01
O     3.6262111220E+01   4.3572442830E+01   4.0945047190E+01
O     4.1340664010E+01   3.3513177390E+01   3.5104069480E+01
O     3.3750239740E+01   4.1801160370E+01   4.0338200020E+01
O     4.3527750720E+01   3.5776172930E+01   4.4886415990E+01
O     4.1760869780E+01   4.3422285070E+01   4.2594082350E+01
O     4.1278422220E+01   4.1860804410E+01   5.0598443520E+01
O     3.4711388990E+01   4.0944831270E+01   3.4150576560E+01
O     4.3456954880E+01   4.1901200390E+01   3.3596197840E+01
O     4.3571205990E+01   3.9747052790E+01   3.5239924330E+01
O     3.9777642640E+01   4.2184067700E+01   3.7183520340E+01
O     3.7859807320E+01   4.1567001830E+01   4.6438464970E+01
O     4.2036236920E+01   3.9579404070E+01   4.8878896110E+01
O     3.5974349360E+01   4.0258269010E+01   3.4741508970E+01
O     3.9683863100E+01   3.4047488960E+01   3.7355124000E+01
O     3.8501195990E+01   3.3117860640E+01   4.5904175370E+01
O     3.3748970910E+01   3.8278262660E+01   4.0217945000E+01
O     4.3844591950E+01   3.9612768440E+01   4.5222698850E+01
O     3.7503096280E+01   3.5631233860E+01   4.2366247070E+01
O     3.9512696190E+01   4.1270313300E+01   4.8180414150E+01
O     4.3362944980E+01   3.7847315750E+01   4.3218647220E+01
O     3.3462156900E+01   4.0102836510E+01   3.8327874970E+01
O     3.9402216480E+01   3.5911034140E+01   4.0473176040E+01
O     3.7777690820E+01   4.2180720430E+01   3.5920227980E+01
O     4.1464437790E+01   3.9828342480E+01   3.8242971990E+01
O     3.6216777130E+01   3.7761066330E+01   4.3402354790E+01
O     3.6060770160E+01   3.9614599040E+01   4.5139567110E+01
O     4.1721872280E+01   3.7719645980E+01   3.9550203530E+01
O     3.8100787360E+01   4.3930203870E+01   4.2668849590E+01
O     3.7916435760E+01   3.2838128190E+01   3.5958936290E+01
O     3.9866799780E+01   4.3073792470E+01   4.1082398790E+01
O     4.3526821090E+01   3.8213100340E+01   3.3304581140E+01
O     4.9468059890E+01   3.9635971350E+01   4.2089210350E+01
O     3.8541155350E+01   4.9324507200E+01   4.0544123450E+01
O     3.9844567760E+01   4.9710212120E+01   4.2957395200E+01
O     3.9762188780E+01   4.7637431580E+01   3.4826619840E+01
O     4.5577109940E+01   3.7591679530E+01   4.5351349470E+01
O     4.7276159790E+01   3.8116700110E+01   3.7392853180E+01
O     3.9921517350E+01   4.7706376320E+01   4.4961247020E+01
O     4.5630902530E+01   3.9729408700E+01   4.2696904480E+01
O     3.8686054480E+01   4.7354335680E+01   3.8332420400E+01
O     3.2117912040E+01   4.0373878250E+01   4.2220458800E+01
O     4.5513619870E+01   3.7590387120E+01   3.5618859850E+01
O     4.7480817270E+01   3.9587540120E+01   4.0497275730E+01
O     3.7816983690E+01   4.5611068190E+01   3.9930569890E+01
O     4.0267913510E+01   4.5545233370E+01   4.3494322750E+01
O     3.9349966760E+01   4.5421518090E+01   3.2982689210E+01
O     4.0400802600E+01   4.3594287110E+01   3.4475987580E+01
O     4.1242221860E+01   4.0254925740E+01   3.2227352780E+01
O     3.5826005600E+01   3.8245397500E+01   3.7458656640E+01
O     3.7868418850E+01   4.3639064440E+01   4.8463647530E+01
O     4.1599970130E+01   3.7901930250E+01   4.6018466240E+01
O     3.3489371950E+01   3.8839387910E+01   4.5371487520E+01
O     4.3525202850E+01   3.7808468090E+01   3.7369919000E+01
O     3.9199088740E+01   3.5620892490E+01   3.4823299660E+01
O     3.7732658780E+01   3.6379570560E+01   4.9122748790E+01
O     3.7938462930E+01   3.3735279570E+01   3.9721495150E+01
O     3.9792217080E+01   4.3492079680E+01   4.5247614310E+01
O     4.1578490920E+01   3.9578170390E+01   4.2442694820E+01
O     3.5561807460E+01   3.7715967850E+01   4.7576728880E+01
O     3.9743154750E+01   3.4064665950E+01   4.3580266870E+01
O     3.8076625950E+01   4.3794598420E+01   3.8455387250E+01
O     3.5973799730E+01   3.9415216170E+01   4.0884550010E+01
O     4.1488711030E+01   3.7706344800E+01   3.5458314750E+01
O     3.3840050740E+01   3.8307351690E+01   3.6120620780E+01
O     4.3696836780E+01   3.9299957360E+01   4.0937890480E+01
O     4.3774570910E+01   3.8053772160E+01   4.7359147880E+01
O     3.4495979780E+01   3.9793688270E+01   4.2958631980E+01
O     3.9956787380E+01   3.6235219440E+01   4.4948009050E+01
O     3.7939609790E+01   4.1773151270E+01   4.0009951960E+01
O     3.7297220550E+01   3.5807655440E+01   3.8130524770E+01
O     4.0024761520E+01   4.1525382970E+01   4.3831416900E+01
O     3.8855560870E+01   4.2068758780E+01   3.3237618370E+01
O     3.9563821590E+01   4.0045950930E+01   3.4692674730E+01
O     3.7821095760E+01   3.9474329190E+01   3.2355699230E+01
O     3.9663509720E+01   3.7486066170E+01   3.7168042590E+01
O     3.7006919120E+01   3.9607764030E+01   4.8797125410E+01
O     3.7587769230E+01   3.7691974960E+01   4.6153516680E+01
O     3.7630709920E+01   3.7764138350E+01   3.9584693450E+01
O     3.9577263920E+01   3.9660276440E+01   4.5382486440E+01
O     3.8158835810E+01   4.0197123090E+01   4.2440860300E+01
O     3.9667356440E+01   3.7895885390E+01   4.7809648230E+01
O     3.9086738380E+01   3.7894960600E+01   4.3540252970E+01
O     3.8169875430E+01   3.9849283100E+01   3.8085382180E+01
O     3.9742851420E+01   3.8918064750E+01   4.0909222660E+01
O     3.7793563690E+01   3.8194252970E+01   3.5725204520E+01
O     4.0176762570E+01   3.8048480290E+01   3.3129517050E+01
