Ti    4.8200035360E+01   4.2554536690E+01   3.9343475050E+01
Ti    4.9290000290E+01   3.9785533820E+01   4.0264910040E+01
Ti    4.5939598120E+01   4.5203521970E+01   3.8218839920E+01
Ti    4.5112632920E+01   4.6818511210E+01   4.0628926590E+01
Ti    3.6376165410E+01   4.5288678910E+01   3.5219140540E+01
Ti    4.1583405040E+01   4.5298077300E+01   4.8054359050E+01
Ti    4.4354822130E+01   4.5472887790E+01   3.5524278370E+01
Ti    4.7125006840E+01   4.3433368110E+01   4.3062149880E+01
Ti    4.1212388470E+01   3.2139967800E+01   3.9892088860E+01
Ti    3.6303137710E+01   4.5513410170E+01   4.5010015030E+01
Ti    4.1898084060E+01   4.5413336490E+01   3.7753760420E+01
Ti    4.5325461600E+01   4.3087762000E+01   4.0690479990E+01
Ti    3.4826238400E+01   4.5211869720E+01   3.8345079530E+01
Ti    4.5140294250E+01   3.3895543020E+01   3.7563069010E+01
Ti    4.3875658540E+01   4.5814400600E+01   4.5688185110E+01
Ti    4.5333350220E+01   4.1555095480E+01   3.8326637300E+01
Ti    4.5053807440E+01   3.5549139700E+01   4.0077134980E+01
Ti    4.3411415560E+01   4.7148412270E+01   4.3032441990E+01
Ti    4.7498635400E+01   4.1185196970E+01   4.5207204110E+01
Ti    3.6196647130E+01   4.7745941540E+01   4.2997012200E+01
Ti    4.7016303370E+01   3.5281534430E+01   4.2219142920E+01
Ti    4.1835683440E+01   4.7294432170E+01   4.0269996160E+01
Ti    4.5186353480E+01   4.1509690400E+01   4.8221726590E+01
Ti    4.7390411950E+01   4.1194875130E+01   3.6037763430E+01
Ti    4.0080135800E+01   4.5717591770E+01   3.4735077240E+01
Ti    3.8150415000E+01   4.5322189660E+01   4.7757121680E+01
Ti    4.7509498580E+01   3.9489420430E+01   4.2707484210E+01
Ti    3.9941273180E+01   4.5752265990E+01   4.5423393600E+01
Ti    4.7252043560E+01   3.7180040680E+01   4.4469033840E+01
Ti    4.1024891860E+01   3.2807749660E+01   4.2710292340E+01
Ti    3.8285321410E+01   4.5637338320E+01   3.7639570550E+01
Ti    4.5528841030E+01   3.9320017950E+01   4.0475624620E+01
Ti    3.3129302910E+01   4.0385505340E+01   4.4364339530E+01
Ti    4.5404381100E+01   3.7789238050E+01   3.7776721950E+01
Ti    3.7913522120E+01   4.7484655190E+01   4.0298876090E+01
Ti    4.0021086720E+01   4.7756545410E+01   4.2993091770E+01
Ti    4.7229547540E+01   3.8008556100E+01   3.5459724740E+01
Ti    4.5298999890E+01   3.9147723410E+01   4.6401989840E+01
Ti    4.2164018420E+01   4.3280196010E+01   3.4098211670E+01
Ti    3.5834297200E+01   4.1910651970E+01   3.5637585790E+01
Ti    4.1301311410E+01   4.1670748750E+01   4.8774919110E+01
Ti    4.3743520790E+01   4.1613208570E+01   3.5821369920E+01
Ti    4.3008273120E+01   3.4222151070E+01   3.4751633370E+01
Ti    4.3508552000E+01   4.3547597640E+01   4.3477738470E+01
Ti    4.1232204700E+01   3.5922807900E+01   4.0002688950E+01
Ti    3.6204684480E+01   4.1458713020E+01   4.5458114710E+01
Ti    4.3030756970E+01   3.3923219890E+01   4.4867924870E+01
Ti    3.4396787240E+01   4.3669313920E+01   4.0677127590E+01
Ti    3.5233565850E+01   3.5764102210E+01   4.2858507120E+01
Ti    4.1521544040E+01   4.1741467790E+01   3.7896110940E+01
Ti    4.1785030710E+01   4.3483439180E+01   4.0618930090E+01
Ti    3.4049714270E+01   4.1912519580E+01   3.8183840290E+01
Ti    4.3234866450E+01   3.5864527990E+01   4.2627436160E+01
Ti    3.5946470930E+01   4.3573179040E+01   4.2866349050E+01
Ti    4.1635754990E+01   3.3826246020E+01   3.7297206320E+01
Ti    4.3436123510E+01   4.1573890900E+01   4.5882571250E+01
Ti    3.3827333410E+01   3.6447363280E+01   4.0250484640E+01
Ti    4.2790065780E+01   4.0050794940E+01   3.3371652340E+01
Ti    3.9575301770E+01   4.1876885180E+01   3.5302390380E+01
Ti    3.7390793590E+01   4.1822108400E+01   4.8408400690E+01
Ti    3.9360631770E+01   3.3868057580E+01   3.5348472540E+01
Ti    3.4001302280E+01   3.8472715460E+01   3.8042051880E+01
Ti    4.3459331350E+01   3.9710267840E+01   4.3089757010E+01
Ti    3.7475705710E+01   3.5630135930E+01   4.0326754440E+01
Ti    3.9735176050E+01   4.1437592860E+01   4.5992872640E+01
Ti    4.3296944790E+01   3.7700229710E+01   4.5118552400E+01
Ti    3.3850472820E+01   4.0024570570E+01   4.1245946940E+01
Ti    3.9372975020E+01   3.6173316780E+01   4.2734774170E+01
Ti    3.8084849900E+01   4.1796457770E+01   3.7999017690E+01
Ti    4.1755075940E+01   3.9588138660E+01   4.0384763830E+01
Ti    3.5493063810E+01   3.7847207750E+01   4.5624101210E+01
Ti    3.6498938220E+01   3.9557354060E+01   4.2816247350E+01
Ti    4.1679190400E+01   3.8043204980E+01   3.7685789930E+01
Ti    3.9791673460E+01   3.4402366610E+01   4.5509138170E+01
Ti    3.8116216280E+01   4.3740534370E+01   4.0424611100E+01
Ti    3.7499347760E+01   3.3995639440E+01   3.7804765530E+01
Ti    3.9976240600E+01   4.3343204920E+01   4.3305627720E+01
Ti    4.3687926790E+01   3.7818156750E+01   3.5095717640E+01
Ti    3.5571634170E+01   3.8537527100E+01   3.5466260790E+01
Ti    4.1968061580E+01   3.8011804470E+01   4.8016381360E+01
Ti    3.9816670240E+01   4.3576788390E+01   3.2598522480E+01
Ti    3.9473851390E+01   4.0221364770E+01   3.2866653830E+01
Ti    3.9719421260E+01   3.7537496020E+01   3.4895450530E+01
Ti    3.7510725200E+01   3.7853630740E+01   4.8138330710E+01
Ti    3.7797553340E+01   3.7947775740E+01   3.7606924080E+01
Ti    3.9867789460E+01   3.9611878050E+01   4.3228551210E+01
Ti    3.8085905810E+01   3.9844126370E+01   4.0196435670E+01
Ti    3.9475351000E+01   3.7787194550E+01   4.5868510570E+01
O     4.9743898800E+01   4.1585196800E+01   3.9686061880E+01
O     4.9526414500E+01   3.8554473110E+01   3.8369329720E+01
O     5.0237669220E+01   3.9027541870E+01   3.8335133740E+01
O     4.5671779780E+01   4.6203556850E+01   4.5494096280E+01
O     4.7745837070E+01   4.4276826330E+01   3.8387461150E+01
O     4.6069030660E+01   4.5845573440E+01   3.6045750130E+01
O     4.5532845440E+01   4.7082509090E+01   3.8570603540E+01
O     4.6063159890E+01   4.5217500250E+01   4.0422941540E+01
O     4.7914707480E+01   4.5126608810E+01   4.2916815400E+01
O     4.5068013700E+01   4.7876929010E+01   4.2259226010E+01
O     3.6210044500E+01   4.5387356870E+01   3.7089389910E+01
O     4.1629426930E+01   4.5135979790E+01   4.6180205740E+01
O     4.6671981040E+01   4.2315920170E+01   4.8890926330E+01
O     4.3888206400E+01   4.5473975370E+01   3.7389084810E+01
O     4.7662020770E+01   4.3125611590E+01   4.4939682930E+01
O     4.2332247670E+01   3.1696305600E+01   4.1265093420E+01
O     4.2187823350E+01   4.5880081110E+01   3.5514628040E+01
O     4.5212757040E+01   4.3429183150E+01   3.8742696070E+01
O     4.4545816510E+01   3.3818335280E+01   3.9347269450E+01
O     4.3731643710E+01   4.5834152040E+01   4.7544796890E+01
O     4.5192910260E+01   4.1326564120E+01   4.0211940830E+01
O     4.5540634440E+01   3.5693554280E+01   3.7891971750E+01
O     3.1591960460E+01   4.1515919370E+01   4.4759135950E+01
O     4.3331160680E+01   4.6203267350E+01   4.1043097590E+01
O     4.7713526750E+01   4.1298088620E+01   4.3353165560E+01
O     3.6151932870E+01   4.8193991650E+01   4.1128222470E+01
O     4.7681203600E+01   3.5288550210E+01   4.4024633940E+01
O     4.1827744230E+01   4.7966137950E+01   4.2422194640E+01
O     4.7553302390E+01   3.9707991650E+01   3.4875540230E+01
O     4.0068779840E+01   4.5246636590E+01   3.7057233050E+01
O     3.7985210370E+01   4.5555565810E+01   4.5937340340E+01
O     4.5742175630E+01   3.9684327070E+01   4.8294857690E+01
O     4.7926917870E+01   3.9035226660E+01   4.4650325250E+01
O     3.9879298620E+01   4.6081448290E+01   4.7695557610E+01
O     4.7081520300E+01   3.7302605260E+01   4.2517042290E+01
O     3.9852959060E+01   3.2433575550E+01   4.1267883500E+01
O     3.8173802420E+01   4.5575009840E+01   3.5374122220E+01
O     4.5460552610E+01   3.9600950720E+01   3.8431542400E+01
O     4.5600665820E+01   3.7406544090E+01   3.9949467750E+01
O     3.8001442620E+01   4.7372044130E+01   4.2569661610E+01
O     3.9982546960E+01   4.7245464860E+01   4.0888527940E+01
O     4.2424989150E+01   4.9075157150E+01   3.9997806620E+01
O     4.5736279480E+01   4.1108566770E+01   4.6074547360E+01
O     4.7321171950E+01   4.1616533210E+01   3.7905093640E+01
O     4.3136356020E+01   4.7430656060E+01   4.4898182320E+01
O     4.5131816370E+01   3.5446749690E+01   4.2121394010E+01
O     4.5631510650E+01   4.1682297840E+01   3.6140368110E+01
O     4.1807309540E+01   4.7274874370E+01   3.8282880990E+01
O     4.7044974570E+01   3.4638644190E+01   4.0500978430E+01
O     3.5431303300E+01   4.7266975330E+01   4.4701056090E+01
O     4.1275966450E+01   4.5172201060E+01   3.9835198100E+01
O     4.1592908600E+01   3.1938211000E+01   3.8012798000E+01
O     3.6077728730E+01   4.5557501590E+01   4.3105696360E+01
O     4.7485539110E+01   4.2737778720E+01   4.1118889230E+01
O     4.4149205330E+01   4.5456828630E+01   4.3401076570E+01
O     3.4662264170E+01   4.5510165910E+01   4.0202781950E+01
O     4.5270648060E+01   4.2876619940E+01   4.2916428790E+01
O     4.3575689620E+01   4.3811107150E+01   3.5253367170E+01
O     3.5940930070E+01   4.1877223750E+01   3.7691354650E+01
O     4.1600679400E+01   4.1300489720E+01   4.6537291680E+01
O     4.1421671520E+01   4.3541763710E+01   4.8596146890E+01
O     3.4343590600E+01   4.1634014270E+01   4.4938998530E+01
O     3.5656977990E+01   4.3640249030E+01   3.4684721780E+01
O     4.3503500360E+01   4.1552260380E+01   3.7625841010E+01
O     3.5560856430E+01   3.7184686730E+01   3.4248044850E+01
O     4.3478999510E+01   3.3883692710E+01   3.6606072140E+01
O     4.1998254860E+01   3.6251819730E+01   4.8638623070E+01
O     4.1501258040E+01   3.3618470190E+01   4.5803584050E+01
O     4.3463964650E+01   3.5930318250E+01   3.4610820410E+01
O     4.1559070760E+01   4.3190803070E+01   3.2168574890E+01
O     3.5701696200E+01   3.3396856250E+01   3.7788821940E+01
O     4.3741059710E+01   4.3699022770E+01   4.5418318730E+01
O     4.1194466130E+01   3.6417927210E+01   4.2115856220E+01
O     3.5653021080E+01   4.1672742250E+01   4.7545790790E+01
O     4.2506869390E+01   3.3972123810E+01   4.3031667410E+01
O     3.3780000650E+01   4.3723492360E+01   3.8546326400E+01
O     3.5560279560E+01   3.6027385510E+01   4.0745555880E+01
O     4.1733417020E+01   4.1762513840E+01   3.5631373850E+01
O     4.2030177370E+01   4.3553816070E+01   3.8375470560E+01
O     3.4597149700E+01   3.4315835640E+01   4.3730678710E+01
O     3.3834420200E+01   4.2396589550E+01   3.6407359440E+01
O     4.3207467560E+01   3.5961112050E+01   4.0615104440E+01
O     3.6134862590E+01   4.3671770070E+01   4.4988648500E+01
O     4.1508188340E+01   3.4027654530E+01   3.9600554950E+01
O     4.3420106300E+01   4.2174749690E+01   4.8004464580E+01
O     3.3381843270E+01   3.5481497000E+01   4.1753796520E+01
O     3.4281178100E+01   3.6819708540E+01   4.4457813650E+01
O     4.1859914930E+01   4.1464788790E+01   4.0098512740E+01
O     3.4035121350E+01   4.3778176430E+01   4.2536600110E+01
O     4.1597975600E+01   3.5955277200E+01   3.8075213320E+01
O     3.6375017070E+01   4.1665740680E+01   4.3314603080E+01
O     4.3641520950E+01   4.3736170540E+01   4.1207516840E+01
O     4.3173314190E+01   4.1660196230E+01   4.3921439790E+01
O     3.3372214430E+01   3.6436442770E+01   3.8345797480E+01
O     3.6287845480E+01   4.3556339650E+01   4.0956236310E+01
O     4.1322313320E+01   3.3521728650E+01   3.5055025970E+01
O     3.3776751990E+01   4.1753645140E+01   4.0320408780E+01
O     4.3522485530E+01   3.5771712700E+01   4.4865297320E+01
O     4.1772148050E+01   4.3421770470E+01   4.2597353980E+01
O     4.1302697740E+01   4.1862859940E+01   5.0644078090E+01
O     3.4652181880E+01   4.0956734460E+01   3.4199920080E+01
O     4.3431268470E+01   4.1912125320E+01   3.3623864160E+01
O     4.3573330720E+01   3.9743234670E+01   3.5275373470E+01
O     3.9781238780E+01   4.2176469370E+01   3.7152966030E+01
O     3.7876033190E+01   4.1570884990E+01   4.6484181460E+01
O     4.2063612690E+01   3.9583153430E+01   4.8899600570E+01
O     3.5958930630E+01   4.0292866330E+01   3.4727626290E+01
O     3.9665563270E+01   3.4048456310E+01   3.7322364480E+01
O     3.8487718920E+01   3.3130767220E+01   4.5856419090E+01
O     3.3732378590E+01   3.8390104510E+01   4.0178483040E+01
O     4.3852726300E+01   3.9567267960E+01   4.5080943540E+01
O     3.7433031220E+01   3.5579818810E+01   4.2335959060E+01
O     3.9519212840E+01   4.1264208250E+01   4.8219466070E+01
O     4.3344812590E+01   3.7841035800E+01   4.3193310100E+01
O     3.3377741250E+01   4.0162629300E+01   3.8097062180E+01
O     3.9365261920E+01   3.5912382930E+01   4.0461000420E+01
O     3.7733629860E+01   4.2212011570E+01   3.5941844190E+01
O     4.1458735150E+01   3.9837559560E+01   3.8233637410E+01
O     3.6255937850E+01   3.7738072740E+01   4.3438925430E+01
O     3.6086776590E+01   3.9608397030E+01   4.5192097330E+01
O     4.1726345490E+01   3.7714724500E+01   3.9521767520E+01
O     3.8122600460E+01   4.3939167810E+01   4.2676017530E+01
O     3.7902446040E+01   3.2812172860E+01   3.5950944770E+01
O     3.9889067230E+01   4.3068767040E+01   4.1099002940E+01
O     4.3520511730E+01   3.8245373600E+01   3.3309977310E+01
O     4.9546303920E+01   3.9598838480E+01   4.2062678660E+01
O     3.8605503960E+01   4.9311642770E+01   4.0540489060E+01
O     3.9862870710E+01   4.9704780640E+01   4.2960133770E+01
O     3.9749403580E+01   4.7650407440E+01   3.4803175450E+01
O     4.5559887550E+01   3.7580661040E+01   4.5298704720E+01
O     4.7265971760E+01   3.8133441970E+01   3.7378108730E+01
O     3.9946586100E+01   4.7706413420E+01   4.4961595150E+01
O     4.5654141550E+01   3.9714883760E+01   4.2698501930E+01
O     3.8745291180E+01   4.7336176200E+01   3.8351368450E+01
O     3.2150802700E+01   4.0429616260E+01   4.2302836390E+01
O     4.5498504620E+01   3.7574051990E+01   3.5661681180E+01
O     4.7480283030E+01   3.9555829890E+01   4.0499843010E+01
O     3.7799934530E+01   4.5608385090E+01   3.9919525900E+01
O     4.0301190570E+01   4.5535854020E+01   4.3509995790E+01
O     3.9367240330E+01   4.5440022980E+01   3.2944217050E+01
O     4.0280310260E+01   4.3562752290E+01   3.4512521270E+01
O     4.1210396520E+01   4.0265891060E+01   3.2208072280E+01
O     3.5803784680E+01   3.8295370700E+01   3.7427406240E+01
O     3.7876662550E+01   4.3649414130E+01   4.8474017240E+01
O     4.1590387970E+01   3.7902097030E+01   4.6023641700E+01
O     3.3502035430E+01   3.8894982410E+01   4.5477339520E+01
O     4.3511679870E+01   3.7803907980E+01   3.7367408910E+01
O     3.9166217700E+01   3.5597067240E+01   3.4788976350E+01
O     3.7765029330E+01   3.6343902570E+01   4.9125743760E+01
O     3.7920174660E+01   3.3725476790E+01   3.9700198670E+01
O     3.9806020440E+01   4.3490573620E+01   4.5273715830E+01
O     4.1550590120E+01   3.9584261410E+01   4.2432653710E+01
O     3.5573132800E+01   3.7689178270E+01   4.7620713790E+01
O     3.9739249550E+01   3.4080148580E+01   4.3552773770E+01
O     3.8118397570E+01   4.3802201970E+01   3.8457102910E+01
O     3.5996475320E+01   3.9396865150E+01   4.0932087350E+01
O     4.1477719180E+01   3.7703257930E+01   3.5438670800E+01
O     3.3821208230E+01   3.8265485500E+01   3.6082706310E+01
O     4.3699846670E+01   3.9293036510E+01   4.0961882670E+01
O     4.3799394060E+01   3.8079321710E+01   4.7315840120E+01
O     3.4531274390E+01   3.9757760910E+01   4.3056262400E+01
O     3.9984101710E+01   3.6256618020E+01   4.4920616330E+01
O     3.7960435670E+01   4.1795680260E+01   4.0020048960E+01
O     3.7265819530E+01   3.5803589890E+01   3.8114950590E+01
O     4.0045495800E+01   4.1527147740E+01   4.3875124560E+01
O     3.8788117440E+01   4.2087830420E+01   3.3190957390E+01
O     3.9582584680E+01   4.0133483320E+01   3.4664983200E+01
O     3.7773956310E+01   3.9455798070E+01   3.2431522720E+01
O     3.9647966570E+01   3.7486411080E+01   3.7148164020E+01
O     3.7010425620E+01   3.9598997910E+01   4.8808620300E+01
O     3.7591245510E+01   3.7685352880E+01   4.6179119670E+01
O     3.7600329570E+01   3.7768271340E+01   3.9557653190E+01
O     3.9575114120E+01   3.9661239150E+01   4.5414648650E+01
O     3.8207941180E+01   4.0211968150E+01   4.2441016610E+01
O     3.9678200030E+01   3.7880546670E+01   4.7831080490E+01
O     3.9046257280E+01   3.7907173370E+01   4.3545251640E+01
O     3.8176226780E+01   3.9867358200E+01   3.8094214840E+01
O     3.9733520550E+01   3.8863907680E+01   4.0819448700E+01
O     3.7786125500E+01   3.8234048110E+01   3.5702150760E+01
O     4.0168133560E+01   3.8074795080E+01   3.3134270750E+01
