Ti    4.8207257700E+01   4.2506202950E+01   3.9371652690E+01
Ti    4.9285983640E+01   3.9744378500E+01   4.0260327680E+01
Ti    4.5934518660E+01   4.5185729340E+01   3.8227298480E+01
Ti    4.5113838610E+01   4.6784856000E+01   4.0655346740E+01
Ti    3.6385470770E+01   4.5297638990E+01   3.5201942190E+01
Ti    4.1603363130E+01   4.5293097450E+01   4.8101198330E+01
Ti    4.4410306890E+01   4.5455542140E+01   3.5491216230E+01
Ti    4.7115711670E+01   4.3408000810E+01   4.3078789080E+01
Ti    4.1207639780E+01   3.2151585590E+01   3.9850102300E+01
Ti    3.6326625020E+01   4.5520695740E+01   4.5004197320E+01
Ti    4.1924428490E+01   4.5398761840E+01   3.7722726660E+01
Ti    4.5331907230E+01   4.3060392600E+01   4.0707161150E+01
Ti    3.4911364410E+01   4.5178206670E+01   3.8390387860E+01
Ti    4.5119465420E+01   3.3888099030E+01   3.7515257870E+01
Ti    4.3888910260E+01   4.5803569040E+01   4.5711239140E+01
Ti    4.5340314070E+01   4.1541716950E+01   3.8342789520E+01
Ti    4.5016658850E+01   3.5519768280E+01   4.0042596670E+01
Ti    4.3406507680E+01   4.7121116060E+01   4.3040928090E+01
Ti    4.7544117200E+01   4.1166894410E+01   4.5206769710E+01
Ti    3.6217705120E+01   4.7787432140E+01   4.3008689210E+01
Ti    4.6990799870E+01   3.5220377450E+01   4.2169110810E+01
Ti    4.1854520230E+01   4.7265761660E+01   4.0268747470E+01
Ti    4.5168668450E+01   4.1484617150E+01   4.8249461650E+01
Ti    4.7416501370E+01   4.1147447700E+01   3.6063234650E+01
Ti    4.0087144200E+01   4.5745268420E+01   3.4707357360E+01
Ti    3.8151328770E+01   4.5327536780E+01   4.7764091090E+01
Ti    4.7488194370E+01   3.9464255320E+01   4.2714155810E+01
Ti    3.9960397390E+01   4.5758496340E+01   4.5441565010E+01
Ti    4.7228977020E+01   3.7116548840E+01   4.4430024780E+01
Ti    4.1021356440E+01   3.2829780340E+01   4.2673547880E+01
Ti    3.8306776190E+01   4.5638679700E+01   3.7629769030E+01
Ti    4.5522266040E+01   3.9284840310E+01   4.0486407230E+01
Ti    3.3152781800E+01   4.0431966530E+01   4.4446446290E+01
Ti    4.5391930860E+01   3.7777325560E+01   3.7768171160E+01
Ti    3.7933967780E+01   4.7472809190E+01   4.0299408060E+01
Ti    4.0047666170E+01   4.7743033030E+01   4.2976230780E+01
Ti    4.7209635510E+01   3.7997203660E+01   3.5441394500E+01
Ti    4.5312064850E+01   3.9160891730E+01   4.6339754030E+01
Ti    4.2090582250E+01   4.3299457760E+01   3.4255786150E+01
Ti    3.5811273900E+01   4.1940026010E+01   3.5637376940E+01
Ti    4.1308982120E+01   4.1671527420E+01   4.8818782590E+01
Ti    4.3806359790E+01   4.1602323970E+01   3.5827319200E+01
Ti    4.2982651030E+01   3.4242106550E+01   3.4693106050E+01
Ti    4.3513185410E+01   4.3556454680E+01   4.3492655570E+01
Ti    4.1198517430E+01   3.5930763330E+01   3.9972572380E+01
Ti    3.6259156720E+01   4.1457195800E+01   4.5446688590E+01
Ti    4.3020705790E+01   3.3917518600E+01   4.4844381300E+01
Ti    3.4422344450E+01   4.3630895730E+01   4.0696653120E+01
Ti    3.5201905910E+01   3.5778196980E+01   4.2811225010E+01
Ti    4.1518840030E+01   4.1751005610E+01   3.7872855260E+01
Ti    4.1795238540E+01   4.3478899730E+01   4.0615370180E+01
Ti    3.4030360600E+01   4.1949857560E+01   3.8174507890E+01
Ti    4.3210403490E+01   3.5853360320E+01   4.2605321430E+01
Ti    3.5961348120E+01   4.3631348140E+01   4.2879650910E+01
Ti    4.1620939430E+01   3.3843830550E+01   3.7247582530E+01
Ti    4.3439751920E+01   4.1612865570E+01   4.5892606590E+01
Ti    3.3799502380E+01   3.6531413420E+01   4.0240805560E+01
Ti    4.2722387140E+01   4.0070935550E+01   3.3400236070E+01
Ti    3.9527723890E+01   4.1946059450E+01   3.5289324890E+01
Ti    3.7396549890E+01   4.1825006680E+01   4.8461322780E+01
Ti    3.9334719780E+01   3.3829804390E+01   3.5314596890E+01
Ti    3.3981072060E+01   3.8543576920E+01   3.8014515180E+01
Ti    4.3405197180E+01   3.9718783180E+01   4.3076961870E+01
Ti    3.7446305650E+01   3.5632150690E+01   4.0306906850E+01
Ti    3.9747646510E+01   4.1454481150E+01   4.6053903420E+01
Ti    4.3280469150E+01   3.7703597990E+01   4.5096524300E+01
Ti    3.3885056560E+01   4.0041774020E+01   4.1310733150E+01
Ti    3.9370500700E+01   3.6209297100E+01   4.2713933900E+01
Ti    3.8087031300E+01   4.1805638500E+01   3.7996646120E+01
Ti    4.1743287510E+01   3.9592956600E+01   4.0365206530E+01
Ti    3.5484295240E+01   3.7860410130E+01   4.5665382640E+01
Ti    3.6541334890E+01   3.9536350980E+01   4.2854885130E+01
Ti    4.1668563690E+01   3.8051174370E+01   3.7660578420E+01
Ti    3.9785114450E+01   3.4418828240E+01   4.5482627860E+01
Ti    3.8138957240E+01   4.3744312060E+01   4.0433674860E+01
Ti    3.7482626610E+01   3.3996788900E+01   3.7780828720E+01
Ti    3.9997423150E+01   4.3339659120E+01   4.3324367530E+01
Ti    4.3679790520E+01   3.7824158540E+01   3.5088063400E+01
Ti    3.5568487670E+01   3.8564983830E+01   3.5444954820E+01
Ti    4.1981353790E+01   3.8023635460E+01   4.8024808100E+01
Ti    3.9806359250E+01   4.3577547540E+01   3.2586045570E+01
Ti    3.9436433960E+01   4.0237910470E+01   3.2859074770E+01
Ti    3.9701556440E+01   3.7475665020E+01   3.4876548350E+01
Ti    3.7525856650E+01   3.7834566370E+01   4.8167981710E+01
Ti    3.7778853880E+01   3.7959037630E+01   3.7578533200E+01
Ti    3.9891313260E+01   3.9631735550E+01   4.3388335250E+01
Ti    3.8082595920E+01   3.9848349420E+01   4.0177534860E+01
Ti    3.9472603210E+01   3.7776410330E+01   4.5900722720E+01
O     4.9758527910E+01   4.1548799660E+01   3.9702617870E+01
O     4.9504347180E+01   3.8535340670E+01   3.8345248650E+01
O     5.0211440800E+01   3.9013884980E+01   3.8307004680E+01
O     4.5667542860E+01   4.6263316500E+01   4.5518467650E+01
O     4.7772740090E+01   4.4222979250E+01   3.8410107220E+01
O     4.6110436070E+01   4.5819527530E+01   3.6056123610E+01
O     4.5529805340E+01   4.7060146350E+01   3.8573585140E+01
O     4.6073875800E+01   4.5191311390E+01   4.0430809750E+01
O     4.7901840600E+01   4.5105325520E+01   4.2931572530E+01
O     4.5067090480E+01   4.7856489790E+01   4.2276270980E+01
O     3.6231586670E+01   4.5365925100E+01   3.7071259290E+01
O     4.1635765850E+01   4.5116055330E+01   4.6231725860E+01
O     4.6696586020E+01   4.2244751940E+01   4.8891919330E+01
O     4.3909369440E+01   4.5480530180E+01   3.7350103960E+01
O     4.7670049410E+01   4.3110593680E+01   4.4948484730E+01
O     4.2339078830E+01   3.1740745600E+01   4.1221564220E+01
O     4.2209376870E+01   4.5769255240E+01   3.5444513680E+01
O     4.5209077790E+01   4.3413926780E+01   3.8757376750E+01
O     4.4474453470E+01   3.3809114530E+01   3.9286164150E+01
O     4.3758280420E+01   4.5819458360E+01   4.7567478240E+01
O     4.5191981670E+01   4.1305157830E+01   4.0222308150E+01
O     4.5541819510E+01   3.5674904490E+01   3.7870639720E+01
O     3.1637382390E+01   4.1590802620E+01   4.4838962720E+01
O     4.3330058200E+01   4.6163964260E+01   4.1068385400E+01
O     4.7748586880E+01   4.1271831310E+01   4.3356140070E+01
O     3.6191722140E+01   4.8241694910E+01   4.1136026690E+01
O     4.7636324530E+01   3.5217978610E+01   4.3981568870E+01
O     4.1851927730E+01   4.7981772430E+01   4.2409391870E+01
O     4.7531788010E+01   3.9693924090E+01   3.4849544680E+01
O     4.0087112040E+01   4.5249199530E+01   3.7034463890E+01
O     3.8001425650E+01   4.5564630720E+01   4.5943379850E+01
O     4.5749772090E+01   3.9667669610E+01   4.8246788590E+01
O     4.7913757700E+01   3.9002529340E+01   4.4647050260E+01
O     3.9880961840E+01   4.6106258370E+01   4.7704316970E+01
O     4.7081893530E+01   3.7274663970E+01   4.2484055950E+01
O     3.9849425350E+01   3.2434239440E+01   4.1236284270E+01
O     3.8178654460E+01   4.5614838700E+01   3.5360364320E+01
O     4.5448059700E+01   3.9583725180E+01   3.8437101950E+01
O     4.5581503390E+01   3.7377675760E+01   3.9936926470E+01
O     3.8008590360E+01   4.7361638900E+01   4.2571528810E+01
O     4.0008246880E+01   4.7215218840E+01   4.0933037780E+01
O     4.2483111320E+01   4.9029793140E+01   3.9975968480E+01
O     4.5716104580E+01   4.1122751470E+01   4.6085538440E+01
O     4.7328753910E+01   4.1571552100E+01   3.7932114870E+01
O     4.3095544510E+01   4.7383166210E+01   4.4902365320E+01
O     4.5110891580E+01   3.5437515710E+01   4.2089037240E+01
O     4.5677364640E+01   4.1695938280E+01   3.6160005320E+01
O     4.1828633510E+01   4.7258930170E+01   3.8266387150E+01
O     4.6981141340E+01   3.4550350330E+01   4.0464636610E+01
O     3.5447649990E+01   4.7271168210E+01   4.4698404530E+01
O     4.1287093410E+01   4.5157689650E+01   3.9804733500E+01
O     4.1607304410E+01   3.1954204970E+01   3.7972068880E+01
O     3.6075055030E+01   4.5555604230E+01   4.3099330930E+01
O     4.7487150060E+01   4.2700287120E+01   4.1141374320E+01
O     4.4208531580E+01   4.5449198740E+01   4.3402856690E+01
O     3.4723106360E+01   4.5521023870E+01   4.0238439940E+01
O     4.5263060100E+01   4.2826026060E+01   4.2936891450E+01
O     4.3625912100E+01   4.3789842920E+01   3.5257862190E+01
O     3.5927285850E+01   4.1892671970E+01   3.7699469440E+01
O     4.1614303140E+01   4.1310136280E+01   4.6582521420E+01
O     4.1415261370E+01   4.3541740770E+01   4.8648175420E+01
O     3.4404889260E+01   4.1671727260E+01   4.4957275500E+01
O     3.5664156120E+01   4.3652706160E+01   3.4644962120E+01
O     4.3517487420E+01   4.1544270610E+01   3.7618682850E+01
O     3.5580088160E+01   3.7195785440E+01   3.4242788860E+01
O     4.3469825150E+01   3.3906665080E+01   3.6542907030E+01
O     4.2045581490E+01   3.6257707250E+01   4.8629496930E+01
O     4.1488007230E+01   3.3615915690E+01   4.5774069930E+01
O     4.3446533280E+01   3.5947231890E+01   3.4562144000E+01
O     4.1564028580E+01   4.3161199120E+01   3.2302056670E+01
O     3.5682913060E+01   3.3393354650E+01   3.7764811440E+01
O     4.3742482730E+01   4.3702486680E+01   4.5433731420E+01
O     4.1180542800E+01   3.6442716980E+01   4.2083305590E+01
O     3.5655013380E+01   4.1670119080E+01   4.7615182920E+01
O     4.2497951950E+01   3.3999749060E+01   4.3005305960E+01
O     3.3777646570E+01   4.3754392850E+01   3.8588975980E+01
O     3.5531003780E+01   3.6092521950E+01   4.0739172140E+01
O     4.1709775770E+01   4.1810082650E+01   3.5628928640E+01
O     4.2065668990E+01   4.3547588090E+01   3.8369635450E+01
O     3.4482690990E+01   3.4448551480E+01   4.3795388710E+01
O     3.3858998690E+01   4.2530084030E+01   3.6416729600E+01
O     4.3181250580E+01   3.5942033810E+01   4.0595752240E+01
O     3.6194084900E+01   4.3666625180E+01   4.4947425930E+01
O     4.1469499000E+01   3.4042238120E+01   3.9560258320E+01
O     4.3422129470E+01   4.2209310860E+01   4.8025760410E+01
O     3.3367904480E+01   3.5479607990E+01   4.1691100510E+01
O     3.4154534520E+01   3.6974712330E+01   4.4471472190E+01
O     4.1862275670E+01   4.1460311650E+01   4.0077818460E+01
O     3.4045526240E+01   4.3759861350E+01   4.2548876780E+01
O     4.1566215100E+01   3.5964815070E+01   3.8039929980E+01
O     3.6484080570E+01   4.1515386570E+01   4.3346861880E+01
O     4.3653532960E+01   4.3714818400E+01   4.1221327180E+01
O     4.3123695950E+01   4.1663197790E+01   4.3934143180E+01
O     3.3333145020E+01   3.6491720400E+01   3.8342501410E+01
O     3.6315389040E+01   4.3537930770E+01   4.0973816080E+01
O     4.1305739170E+01   3.3524475920E+01   3.5006847230E+01
O     3.3794382650E+01   4.1728716610E+01   4.0308364080E+01
O     4.3516338980E+01   3.5770219000E+01   4.4844816170E+01
O     4.1783131690E+01   4.3424289580E+01   4.2598350140E+01
O     4.1323206360E+01   4.1862296780E+01   5.0689852930E+01
O     3.4593014510E+01   4.0959057960E+01   3.4256242560E+01
O     4.3471734060E+01   4.1890906540E+01   3.3644692890E+01
O     4.3558261480E+01   3.9737475990E+01   3.5327515700E+01
O     3.9774067170E+01   4.2189845780E+01   3.7138340940E+01
O     3.7883161940E+01   4.1583922520E+01   4.6539862960E+01
O     4.2088958540E+01   3.9586922920E+01   4.8916989090E+01
O     3.5946103840E+01   4.0330874520E+01   3.4717972990E+01
O     3.9645460430E+01   3.4042411840E+01   3.7287866400E+01
O     3.8474769300E+01   3.3141852370E+01   4.5806001690E+01
O     3.3723753460E+01   3.8480135870E+01   4.0148766400E+01
O     4.3818972070E+01   3.9586612130E+01   4.5078508770E+01
O     3.7390798330E+01   3.5545444690E+01   4.2305111250E+01
O     3.9528009250E+01   4.1261141210E+01   4.8265153740E+01
O     4.3308888870E+01   3.7849603760E+01   4.3174172130E+01
O     3.3324169790E+01   4.0219367890E+01   3.7983245750E+01
O     3.9333464140E+01   3.5929363510E+01   4.0437250080E+01
O     3.7701914110E+01   4.2256300740E+01   3.5956915350E+01
O     4.1475294530E+01   3.9845769490E+01   3.8199960060E+01
O     3.6252521990E+01   3.7697743520E+01   4.3490111920E+01
O     3.6112149960E+01   3.9599146460E+01   4.5244263970E+01
O     4.1789530300E+01   3.7692573090E+01   3.9484737560E+01
O     3.8143535740E+01   4.3947791570E+01   4.2684607540E+01
O     3.7884827690E+01   3.2778366590E+01   3.5947339500E+01
O     3.9907196100E+01   4.3059607130E+01   4.1116507850E+01
O     4.3509678310E+01   3.8290392850E+01   3.3315753970E+01
O     4.9566956690E+01   3.9550071370E+01   4.2050104030E+01
O     3.8672161560E+01   4.9299413210E+01   4.0542242200E+01
O     3.9881356130E+01   4.9697585530E+01   4.2964785020E+01
O     3.9751629280E+01   4.7677088830E+01   3.4790892650E+01
O     4.5541550470E+01   3.7570269940E+01   4.5249788090E+01
O     4.7246734150E+01   3.8151267240E+01   3.7360749590E+01
O     3.9968937160E+01   4.7711096330E+01   4.4960461580E+01
O     4.5630801670E+01   3.9692801710E+01   4.2711283450E+01
O     3.8799222970E+01   4.7316590380E+01   3.8372189130E+01
O     3.2192128350E+01   4.0488580720E+01   4.2380112700E+01
O     4.5485534140E+01   3.7549684270E+01   3.5658556070E+01
O     4.7475523220E+01   3.9529316960E+01   4.0500254380E+01
O     3.7779059660E+01   4.5603934650E+01   3.9910420260E+01
O     4.0333723830E+01   4.5527470230E+01   4.3529937070E+01
O     3.9398427070E+01   4.5459022310E+01   3.2911674110E+01
O     4.0186105970E+01   4.3599375280E+01   3.4520690080E+01
O     4.1171594290E+01   4.0275553180E+01   3.2182702000E+01
O     3.5783375120E+01   3.8347335740E+01   3.7400357000E+01
O     3.7888062990E+01   4.3656496110E+01   4.8494166900E+01
O     4.1585363530E+01   3.7903473980E+01   4.6025889340E+01
O     3.3519223930E+01   3.8977468870E+01   4.5603048220E+01
O     4.3501130300E+01   3.7788620310E+01   3.7359126550E+01
O     3.9123052630E+01   3.5553120060E+01   3.4746272760E+01
O     3.7793959370E+01   3.6313454370E+01   4.9133932980E+01
O     3.7903492950E+01   3.3723567420E+01   3.9677507000E+01
O     3.9815274020E+01   4.3500937990E+01   4.5314264760E+01
O     4.1470220410E+01   3.9555686290E+01   4.2401946620E+01
O     3.5581696320E+01   3.7670817550E+01   4.7674421740E+01
O     3.9733978000E+01   3.4096293690E+01   4.3522928340E+01
O     3.8153152320E+01   4.3812150460E+01   3.8459807700E+01
O     3.6018631520E+01   3.9380989340E+01   4.0978259900E+01
O     4.1458443760E+01   3.7696091230E+01   3.5415287040E+01
O     3.3819175390E+01   3.8241833460E+01   3.6049401770E+01
O     4.3694329640E+01   3.9289509440E+01   4.0965826850E+01
O     4.3813864710E+01   3.8087839860E+01   4.7285989620E+01
O     3.4565984150E+01   3.9720207300E+01   4.3120732510E+01
O     4.0023081780E+01   3.6273933450E+01   4.4890565460E+01
O     3.7978520400E+01   4.1806259870E+01   4.0019288250E+01
O     3.7235630620E+01   3.5807740260E+01   3.8093956100E+01
O     4.0067121280E+01   4.1542615760E+01   4.3959938300E+01
O     3.8730119100E+01   4.2112712540E+01   3.3169949230E+01
O     3.9623001060E+01   4.0232905270E+01   3.4637095480E+01
O     3.7728848780E+01   3.9441484050E+01   3.2512755110E+01
O     3.9629556440E+01   3.7482424920E+01   3.7128711680E+01
O     3.7016646320E+01   3.9590601250E+01   4.8828062820E+01
O     3.7590046970E+01   3.7672275730E+01   4.6209072280E+01
O     3.7556831890E+01   3.7775331450E+01   3.9529890900E+01
O     3.9566746150E+01   3.9668897660E+01   4.5488267290E+01
O     3.8352870830E+01   4.0173716830E+01   4.2385807130E+01
O     3.9695064270E+01   3.7857499300E+01   4.7860196970E+01
O     3.9016663430E+01   3.7920741640E+01   4.3572808240E+01
O     3.8131663950E+01   3.9875511040E+01   3.8048163790E+01
O     3.9751340030E+01   3.8849642180E+01   4.0502089300E+01
O     3.7790093200E+01   3.8259518510E+01   3.5672792510E+01
O     4.0149835020E+01   3.8105572090E+01   3.3151667210E+01
