Ti    4.8222404550E+01   4.2437400680E+01   3.9406563180E+01
Ti    4.9279150750E+01   3.9698944040E+01   4.0259140680E+01
Ti    4.5905031360E+01   4.5187705330E+01   3.8227973580E+01
Ti    4.5112283940E+01   4.6752360210E+01   4.0682549590E+01
Ti    3.6392931840E+01   4.5308502720E+01   3.5183398840E+01
Ti    4.1638223980E+01   4.5285246620E+01   4.8153532560E+01
Ti    4.4463961420E+01   4.5422932900E+01   3.5459060350E+01
Ti    4.7106405250E+01   4.3382802870E+01   4.3094026830E+01
Ti    4.1201690820E+01   3.2161484880E+01   3.9809939650E+01
Ti    3.6343713790E+01   4.5530935290E+01   4.4996960790E+01
Ti    4.1939483100E+01   4.5375040830E+01   3.7683344490E+01
Ti    4.5343272340E+01   4.3040896430E+01   4.0718743620E+01
Ti    3.5017406890E+01   4.5136165130E+01   3.8445200180E+01
Ti    4.5099875590E+01   3.3881746120E+01   3.7466131830E+01
Ti    4.3904406880E+01   4.5790896400E+01   4.5735772620E+01
Ti    4.5346619860E+01   4.1527661680E+01   3.8360158740E+01
Ti    4.4977566050E+01   3.5488332120E+01   4.0008449170E+01
Ti    4.3404769420E+01   4.7090157510E+01   4.3050229880E+01
Ti    4.7567987860E+01   4.1153686510E+01   4.5214393320E+01
Ti    3.6234240570E+01   4.7831513790E+01   4.3022897280E+01
Ti    4.6964401070E+01   3.5160380590E+01   4.2116082630E+01
Ti    4.1875801430E+01   4.7236441890E+01   4.0275956000E+01
Ti    4.5156606010E+01   4.1455701810E+01   4.8268631020E+01
Ti    4.7439145920E+01   4.1087094010E+01   3.6092916390E+01
Ti    4.0080788180E+01   4.5776130770E+01   3.4671073210E+01
Ti    3.8147324700E+01   4.5329961120E+01   4.7773663450E+01
Ti    4.7473822470E+01   3.9437570950E+01   4.2720623430E+01
Ti    3.9964898160E+01   4.5771861190E+01   4.5467636560E+01
Ti    4.7199918020E+01   3.7038749640E+01   4.4391902410E+01
Ti    4.1015750820E+01   3.2853646660E+01   4.2638016180E+01
Ti    3.8324836500E+01   4.5644780060E+01   3.7619023190E+01
Ti    4.5512687200E+01   3.9243048980E+01   4.0500619220E+01
Ti    3.3151280000E+01   4.0493646630E+01   4.4548807200E+01
Ti    4.5378974590E+01   3.7764225180E+01   3.7759400010E+01
Ti    3.7954403230E+01   4.7457167580E+01   4.0303042360E+01
Ti    4.0077214260E+01   4.7720534040E+01   4.2888147780E+01
Ti    4.7188541430E+01   3.7984710890E+01   3.5421073320E+01
Ti    4.5330659330E+01   3.9168544370E+01   4.6283969920E+01
Ti    4.2056837700E+01   4.3433053930E+01   3.4398358090E+01
Ti    3.5789643860E+01   4.1971124770E+01   3.5638904780E+01
Ti    4.1321379470E+01   4.1672385420E+01   4.8863572260E+01
Ti    4.3859431540E+01   4.1594552630E+01   3.5831253760E+01
Ti    4.2955611040E+01   3.4263704990E+01   3.4634415850E+01
Ti    4.3518508310E+01   4.3562639760E+01   4.3503447610E+01
Ti    4.1167140470E+01   3.5940801640E+01   3.9940880270E+01
Ti    3.6312962050E+01   4.1458091980E+01   4.5451182520E+01
Ti    4.3010679250E+01   3.3920302320E+01   4.4820098270E+01
Ti    3.4447156230E+01   4.3601733110E+01   4.0720436740E+01
Ti    3.5163203550E+01   3.5814797980E+01   4.2805450550E+01
Ti    4.1509458480E+01   4.1759224390E+01   3.7859384760E+01
Ti    4.1804567010E+01   4.3478778840E+01   4.0610800750E+01
Ti    3.4009644630E+01   4.1989917900E+01   3.8172790920E+01
Ti    4.3182018730E+01   3.5851792560E+01   4.2584629280E+01
Ti    3.5991388080E+01   4.3629821810E+01   4.2896330130E+01
Ti    4.1602725840E+01   3.3857326990E+01   3.7199455990E+01
Ti    4.3445063300E+01   4.1619758870E+01   4.5904286880E+01
Ti    3.3776792040E+01   3.6597952500E+01   4.0229228120E+01
Ti    4.2636716600E+01   4.0111586320E+01   3.3451110820E+01
Ti    3.9498798200E+01   4.1985036530E+01   3.5290531450E+01
Ti    3.7397482960E+01   4.1828530080E+01   4.8520815470E+01
Ti    3.9307672540E+01   3.3782315470E+01   3.5278705820E+01
Ti    3.3963343370E+01   3.8604805960E+01   3.7990742260E+01
Ti    4.3336695780E+01   3.9721919670E+01   4.3053729470E+01
Ti    3.7419011040E+01   3.5643264160E+01   4.0287758840E+01
Ti    3.9756940330E+01   4.1469547690E+01   4.6121326650E+01
Ti    4.3262054980E+01   3.7711611680E+01   4.5077414150E+01
Ti    3.3925302510E+01   4.0056702500E+01   4.1356122300E+01
Ti    3.9343123100E+01   3.6240043980E+01   4.2693375080E+01
Ti    3.8077644390E+01   4.1819028100E+01   3.7993356360E+01
Ti    4.1734614630E+01   3.9596856200E+01   4.0335108070E+01
Ti    3.5479499210E+01   3.7872936020E+01   4.5692479290E+01
Ti    3.6618162070E+01   3.9492578550E+01   4.2874819580E+01
Ti    4.1662735300E+01   3.8047923360E+01   3.7633477000E+01
Ti    3.9778577560E+01   3.4434279520E+01   4.5454959500E+01
Ti    3.8159245190E+01   4.3748804760E+01   4.0439647770E+01
Ti    3.7465567160E+01   3.3997547640E+01   3.7757806580E+01
Ti    4.0018632340E+01   4.3343394030E+01   4.3329081980E+01
Ti    4.3670566410E+01   3.7832870120E+01   3.5072781170E+01
Ti    3.5566250990E+01   3.8595355160E+01   3.5420515030E+01
Ti    4.2002051060E+01   3.8030939570E+01   4.8035163380E+01
Ti    3.9813586880E+01   4.3585669650E+01   3.2578636370E+01
Ti    3.9397654040E+01   4.0261741990E+01   3.2851184950E+01
Ti    3.9680491590E+01   3.7413069700E+01   3.4859227020E+01
Ti    3.7538596420E+01   3.7816825460E+01   4.8203636640E+01
Ti    3.7761483340E+01   3.7989879390E+01   3.7545386490E+01
Ti    3.9911143250E+01   3.9632173340E+01   4.3526197410E+01
Ti    3.8086673890E+01   3.9851993000E+01   4.0141210850E+01
Ti    3.9468427000E+01   3.7778518120E+01   4.5941063630E+01
O     4.9784735640E+01   4.1503149710E+01   3.9724369730E+01
O     4.9481109800E+01   3.8514441670E+01   3.8323876860E+01
O     5.0185051330E+01   3.8997009770E+01   3.8283064420E+01
O     4.5662722570E+01   4.6326177580E+01   4.5535756970E+01
O     4.7865727190E+01   4.4153114870E+01   3.8433428980E+01
O     4.6144454780E+01   4.5797375790E+01   3.6069782270E+01
O     4.5505350470E+01   4.7050995640E+01   3.8580274510E+01
O     4.6088189830E+01   4.5172289460E+01   4.0425609170E+01
O     4.7888317460E+01   4.5084877510E+01   4.2941897080E+01
O     4.5068273150E+01   4.7835249020E+01   4.2295400080E+01
O     3.6248630130E+01   4.5352099280E+01   3.7049183150E+01
O     4.1659536060E+01   4.5088778620E+01   4.6292537600E+01
O     4.6716083110E+01   4.2177767240E+01   4.8889398070E+01
O     4.3907007600E+01   4.5501185880E+01   3.7297146920E+01
O     4.7688397480E+01   4.3095558220E+01   4.4953928360E+01
O     4.2344499010E+01   3.1786670720E+01   4.1180142570E+01
O     4.2209039890E+01   4.5460358670E+01   3.5297757490E+01
O     4.5226748740E+01   4.3403881680E+01   3.8763333130E+01
O     4.4405254420E+01   3.3798616250E+01   3.9222499860E+01
O     4.3804204600E+01   4.5801439440E+01   4.7594400550E+01
O     4.5188552230E+01   4.1293234640E+01   4.0229768600E+01
O     4.5542458780E+01   3.5656603940E+01   3.7852237310E+01
O     3.1670855500E+01   4.1666620510E+01   4.4944693400E+01
O     4.3325064600E+01   4.6125252850E+01   4.1095414780E+01
O     4.7755180160E+01   4.1244305910E+01   4.3364276740E+01
O     3.6230648880E+01   4.8293623870E+01   4.1141989410E+01
O     4.7587666460E+01   3.5149850040E+01   4.3936764550E+01
O     4.1890509390E+01   4.8008160010E+01   4.2396482990E+01
O     4.7514353250E+01   3.9677578530E+01   3.4819757700E+01
O     4.0098247430E+01   4.5262358160E+01   3.7004517380E+01
O     3.8011075920E+01   4.5575036740E+01   4.5951503630E+01
O     4.5760408660E+01   3.9646018070E+01   4.8204597380E+01
O     4.7917332840E+01   3.8992601290E+01   4.4651852440E+01
O     3.9868441990E+01   4.6125275650E+01   4.7719341580E+01
O     4.7079226280E+01   3.7260921640E+01   4.2457883290E+01
O     3.9844589040E+01   3.2432459460E+01   4.1206639800E+01
O     3.8179927780E+01   4.5665939370E+01   3.5344261410E+01
O     4.5427523130E+01   3.9564269920E+01   3.8444495180E+01
O     4.5555170290E+01   3.7347928440E+01   3.9923908580E+01
O     3.8008203800E+01   4.7355672180E+01   4.2577834250E+01
O     4.0030343820E+01   4.7190798250E+01   4.0976350500E+01
O     4.2541272520E+01   4.8977002730E+01   3.9946430770E+01
O     4.5717994090E+01   4.1130061040E+01   4.6100815300E+01
O     4.7334949950E+01   4.1517949380E+01   3.7962641020E+01
O     4.3052850250E+01   4.7328713880E+01   4.4905302950E+01
O     4.5091659120E+01   3.5442668460E+01   4.2058442440E+01
O     4.5717239470E+01   4.1678208640E+01   3.6181051150E+01
O     4.1848252990E+01   4.7244570120E+01   3.8224966130E+01
O     4.6910440680E+01   3.4456842980E+01   4.0432038010E+01
O     3.5465299460E+01   4.7286214040E+01   4.4701915780E+01
O     4.1295180140E+01   4.5150090630E+01   3.9770506020E+01
O     4.1622373430E+01   3.1967241740E+01   3.7933552080E+01
O     3.6071944280E+01   4.5573734230E+01   4.3095107740E+01
O     4.7490754130E+01   4.2660476190E+01   4.1164960320E+01
O     4.4270054920E+01   4.5438996160E+01   4.3393872500E+01
O     3.4777961680E+01   4.5539574360E+01   4.0277770790E+01
O     4.5255666490E+01   4.2777313030E+01   4.2955855820E+01
O     4.3728405140E+01   4.3741009360E+01   3.5289321150E+01
O     3.5911365620E+01   4.1922903120E+01   3.7706187280E+01
O     4.1624211330E+01   4.1308724070E+01   4.6631186870E+01
O     4.1420317660E+01   4.3540320240E+01   4.8704145860E+01
O     3.4470718530E+01   4.1702770390E+01   4.4954626850E+01
O     3.5664107480E+01   4.3665130130E+01   3.4612245850E+01
O     4.3535533260E+01   4.1553489330E+01   3.7610587030E+01
O     3.5589500390E+01   3.7214868860E+01   3.4229003540E+01
O     4.3466010460E+01   3.3931635560E+01   3.6475942500E+01
O     4.2085828290E+01   3.6258976830E+01   4.8624769900E+01
O     4.1474591840E+01   3.3611057500E+01   4.5740326180E+01
O     4.3429493910E+01   3.5966440490E+01   3.4504673140E+01
O     4.1576459610E+01   4.3158367160E+01   3.2420737920E+01
O     3.5662147630E+01   3.3394240670E+01   3.7742400390E+01
O     4.3758718190E+01   4.3721218240E+01   4.5441930300E+01
O     4.1152935120E+01   3.6472238610E+01   4.2051421440E+01
O     3.5670687730E+01   4.1654419950E+01   4.7624350340E+01
O     4.2483445370E+01   3.4023071740E+01   4.2981990900E+01
O     3.3786895310E+01   4.3791614350E+01   3.8631457930E+01
O     3.5507435120E+01   3.6158842460E+01   4.0729959830E+01
O     4.1672427540E+01   4.1850811240E+01   3.5613196390E+01
O     4.2095635900E+01   4.3541248650E+01   3.8363581570E+01
O     3.4365991430E+01   3.4569350260E+01   4.3844882710E+01
O     3.3869968750E+01   4.2642701580E+01   3.6433875140E+01
O     4.3147908820E+01   3.5909508200E+01   4.0574970370E+01
O     3.6257746460E+01   4.3668206910E+01   4.4927020220E+01
O     4.1424697050E+01   3.4054235410E+01   3.9520605380E+01
O     4.3431395180E+01   4.2237323620E+01   4.8032884900E+01
O     3.3365948040E+01   3.5475047450E+01   4.1635113740E+01
O     3.4099533970E+01   3.7105975630E+01   4.4400256900E+01
O     4.1859809410E+01   4.1453709660E+01   4.0062348400E+01
O     3.4069205680E+01   4.3747511400E+01   4.2567849520E+01
O     4.1528681680E+01   3.5971290090E+01   3.8009300040E+01
O     3.6573390650E+01   4.1517485860E+01   4.3340671360E+01
O     4.3666750110E+01   4.3690606510E+01   4.1230918400E+01
O     4.3070981720E+01   4.1665847080E+01   4.3956325110E+01
O     3.3297870610E+01   3.6552004500E+01   3.8334591150E+01
O     3.6342830730E+01   4.3521036460E+01   4.0988330010E+01
O     4.1289674220E+01   3.3523408620E+01   3.4959562490E+01
O     3.3807237500E+01   4.1715899550E+01   4.0302520400E+01
O     4.3503682690E+01   3.5775985050E+01   4.4826233830E+01
O     4.1794277490E+01   4.3434179220E+01   4.2596202080E+01
O     4.1348736600E+01   4.1860165440E+01   5.0736971920E+01
O     3.4543771790E+01   4.0953031280E+01   3.4326267250E+01
O     4.3466404140E+01   4.1894863130E+01   3.3677858760E+01
O     4.3549744290E+01   3.9732212740E+01   3.5387633710E+01
O     3.9763390930E+01   4.2203567120E+01   3.7138152090E+01
O     3.7893891450E+01   4.1593882770E+01   4.6600267740E+01
O     4.2117713680E+01   3.9589977210E+01   4.8931521230E+01
O     3.5944366300E+01   4.0370915590E+01   3.4710956040E+01
O     3.9624346550E+01   3.4029281190E+01   3.7251444100E+01
O     3.8462240840E+01   3.3151097780E+01   4.5753627310E+01
O     3.3723960370E+01   3.8551121010E+01   4.0128795950E+01
O     4.3797822940E+01   3.9594291210E+01   4.5082761880E+01
O     3.7350905990E+01   3.5556087780E+01   4.2288332330E+01
O     3.9534786080E+01   4.1259335570E+01   4.8324608100E+01
O     4.3265765410E+01   3.7858460020E+01   4.3156124740E+01
O     3.3288675560E+01   4.0271483980E+01   3.7916467010E+01
O     3.9302866300E+01   3.5953014430E+01   4.0412620980E+01
O     3.7679465160E+01   4.2297299610E+01   3.5966204350E+01
O     4.1526630090E+01   3.9850816020E+01   3.8154724480E+01
O     3.6293493840E+01   3.7665481890E+01   4.3543438290E+01
O     3.6139015100E+01   3.9597330760E+01   4.5281505620E+01
O     4.1844314320E+01   3.7676371640E+01   3.9452002680E+01
O     3.8167262870E+01   4.3974069760E+01   4.2689622790E+01
O     3.7864791840E+01   3.2740737850E+01   3.5947287620E+01
O     3.9920989390E+01   4.3048009220E+01   4.1131234490E+01
O     4.3482460660E+01   3.8359296130E+01   3.3323545940E+01
O     4.9553885580E+01   3.9497989690E+01   4.2048568710E+01
O     3.8739295900E+01   4.9291048340E+01   4.0542905810E+01
O     3.9902345590E+01   4.9675203480E+01   4.2971322000E+01
O     3.9772251160E+01   4.7708721940E+01   3.4777948850E+01
O     4.5522977440E+01   3.7563579480E+01   4.5198465250E+01
O     4.7224185610E+01   3.8176450740E+01   3.7340270540E+01
O     3.9983706250E+01   4.7736422310E+01   4.5082310330E+01
O     4.5600049840E+01   3.9670797800E+01   4.2723478030E+01
O     3.8858121360E+01   4.7294418390E+01   3.8398785330E+01
O     3.2251493940E+01   4.0551170870E+01   4.2461560630E+01
O     4.5471507270E+01   3.7524997970E+01   3.5647193070E+01
O     4.7464979140E+01   3.9509281510E+01   4.0501615770E+01
O     3.7754389720E+01   4.5600099760E+01   3.9902471140E+01
O     4.0358069480E+01   4.5533897610E+01   4.3561026120E+01
O     3.9418074640E+01   4.5479687670E+01   3.2873618490E+01
O     4.0120533670E+01   4.3636553880E+01   3.4532951430E+01
O     4.1130432410E+01   4.0288644470E+01   3.2158802620E+01
O     3.5762488610E+01   3.8384818630E+01   3.7372020140E+01
O     3.7896198200E+01   4.3662970940E+01   4.8523375080E+01
O     4.1576664480E+01   3.7906727710E+01   4.6030471400E+01
O     3.3541165460E+01   3.9033995730E+01   4.5695424870E+01
O     4.3492579560E+01   3.7757569740E+01   3.7342852510E+01
O     3.9074394400E+01   3.5499750290E+01   3.4702998730E+01
O     3.7817473400E+01   3.6284687580E+01   4.9148858400E+01
O     3.7889658070E+01   3.3728790520E+01   3.9656666750E+01
O     3.9818029100E+01   4.3513638120E+01   4.5418063260E+01
O     4.1390106910E+01   3.9515396050E+01   4.2376420620E+01
O     3.5588539040E+01   3.7655848340E+01   4.7741345120E+01
O     3.9721612760E+01   3.4111841330E+01   4.3489262210E+01
O     3.8177881390E+01   4.3824848640E+01   3.8461972880E+01
O     3.6050773370E+01   3.9372203610E+01   4.1007211850E+01
O     4.1438675360E+01   3.7676887000E+01   3.5390120090E+01
O     3.3817035610E+01   3.8243514220E+01   3.6018783570E+01
O     4.3682068300E+01   3.9298565850E+01   4.0960827070E+01
O     4.3823438420E+01   3.8084777990E+01   4.7263624330E+01
O     3.4647750770E+01   3.9655140100E+01   4.3136034840E+01
O     4.0068036970E+01   3.6281719250E+01   4.4847775190E+01
O     3.7995046940E+01   4.1810318600E+01   4.0016396670E+01
O     3.7201804590E+01   3.5801260760E+01   3.8076368140E+01
O     4.0079868660E+01   4.1567562930E+01   4.4025892150E+01
O     3.8697820140E+01   4.2145232010E+01   3.3167377640E+01
O     3.9653092250E+01   4.0299064700E+01   3.4609846760E+01
O     3.7684978580E+01   3.9443868000E+01   3.2591284760E+01
O     3.9609540370E+01   3.7478771230E+01   3.7108594460E+01
O     3.7020464440E+01   3.9583836180E+01   4.8855156180E+01
O     3.7586121760E+01   3.7664787220E+01   4.6244778250E+01
O     3.7527235580E+01   3.7783712130E+01   3.9499497260E+01
O     3.9566963410E+01   3.9682353250E+01   4.5532226310E+01
O     3.8452109110E+01   4.0112378370E+01   4.2371331350E+01
O     3.9714531650E+01   3.7835095960E+01   4.7894355560E+01
O     3.8974488640E+01   3.7925325050E+01   4.3618186990E+01
O     3.8051773100E+01   3.9885062200E+01   3.7977793780E+01
O     3.9767543640E+01   3.8874144840E+01   4.0280146970E+01
O     3.7789603650E+01   3.8266990870E+01   3.5639100260E+01
O     4.0122171890E+01   3.8134311640E+01   3.3171081880E+01
