Ti    4.8234854450E+01   4.2385620430E+01   3.9432722760E+01
Ti    4.9269493160E+01   3.9651139270E+01   4.0262075210E+01
Ti    4.5893740620E+01   4.5173697380E+01   3.8220383750E+01
Ti    4.5108815500E+01   4.6722992720E+01   4.0706397490E+01
Ti    3.6401229710E+01   4.5322156060E+01   3.5166497250E+01
Ti    4.1664091560E+01   4.5280089550E+01   4.8201093140E+01
Ti    4.4497890010E+01   4.5372093950E+01   3.5424894930E+01
Ti    4.7097602010E+01   4.3362784290E+01   4.3108912450E+01
Ti    4.1195624270E+01   3.2170791810E+01   3.9772075590E+01
Ti    3.6356205490E+01   4.5540329080E+01   4.4991994670E+01
Ti    4.1951322440E+01   4.5350688980E+01   3.7704502220E+01
Ti    4.5357837320E+01   4.3035227490E+01   4.0729179520E+01
Ti    3.5166441850E+01   4.5080300780E+01   3.8521360830E+01
Ti    4.5081732470E+01   3.3876893580E+01   3.7415665250E+01
Ti    4.3924896660E+01   4.5776423250E+01   4.5763931870E+01
Ti    4.5352653370E+01   4.1512340760E+01   3.8377077850E+01
Ti    4.4933275190E+01   3.5453790010E+01   3.9973400400E+01
Ti    4.3399671950E+01   4.7056050820E+01   4.3057374220E+01
Ti    4.7592855300E+01   4.1137421870E+01   4.5220570400E+01
Ti    3.6250878320E+01   4.7861357290E+01   4.3035095900E+01
Ti    4.6933052090E+01   3.5094642880E+01   4.2062003820E+01
Ti    4.1899559260E+01   4.7210921880E+01   4.0280403710E+01
Ti    4.5150941360E+01   4.1424280480E+01   4.8279530350E+01
Ti    4.7454212020E+01   4.1005436010E+01   3.6127044330E+01
Ti    4.0103382840E+01   4.5797650400E+01   3.4621992860E+01
Ti    3.8150176670E+01   4.5331894830E+01   4.7788612040E+01
Ti    4.7466782000E+01   3.9409377210E+01   4.2732332500E+01
Ti    3.9966092310E+01   4.5789770250E+01   4.5493348290E+01
Ti    4.7169639030E+01   3.6964600150E+01   4.4358102960E+01
Ti    4.1007963590E+01   3.2880261500E+01   4.2604277320E+01
Ti    3.8353313410E+01   4.5651807150E+01   3.7593479770E+01
Ti    4.5505941620E+01   3.9172751020E+01   4.0517713790E+01
Ti    3.3192955350E+01   4.0525547740E+01   4.4607103870E+01
Ti    4.5365117860E+01   3.7750638230E+01   3.7748360900E+01
Ti    3.7988378280E+01   4.7432775710E+01   4.0299610350E+01
Ti    4.0105130950E+01   4.7704417190E+01   4.2874164930E+01
Ti    4.7166455150E+01   3.7972174960E+01   3.5397067040E+01
Ti    4.5349495090E+01   3.9173043970E+01   4.6227808120E+01
Ti    4.2056080400E+01   4.3479114110E+01   3.4454739470E+01
Ti    3.5776557660E+01   4.2001313090E+01   3.5643987670E+01
Ti    4.1332160230E+01   4.1671143890E+01   4.8907383760E+01
Ti    4.3885357930E+01   4.1634685410E+01   3.5840683870E+01
Ti    4.2926827870E+01   3.4289963570E+01   3.4575221090E+01
Ti    4.3523262020E+01   4.3559078900E+01   4.3518986990E+01
Ti    4.1132992960E+01   3.5948640050E+01   3.9909952780E+01
Ti    3.6368826440E+01   4.1459170740E+01   4.5458883840E+01
Ti    4.2999369200E+01   3.3925791270E+01   4.4794490500E+01
Ti    3.4471159090E+01   4.3587554570E+01   4.0749939590E+01
Ti    3.5125759730E+01   3.5851657810E+01   4.2794481680E+01
Ti    4.1496535660E+01   4.1760897840E+01   3.7860025550E+01
Ti    4.1814046760E+01   4.3473390870E+01   4.0618106690E+01
Ti    3.3989618690E+01   4.2030698550E+01   3.8178572620E+01
Ti    4.3152615200E+01   3.5853172470E+01   4.2564236440E+01
Ti    3.6028002630E+01   4.3615491170E+01   4.2915353870E+01
Ti    4.1579105120E+01   3.3871527620E+01   3.7155403310E+01
Ti    4.3446046330E+01   4.1619341420E+01   4.5921423250E+01
Ti    3.3754820740E+01   3.6653162080E+01   4.0220225300E+01
Ti    4.2517152280E+01   4.0165570450E+01   3.3529517970E+01
Ti    3.9490786430E+01   4.2013773040E+01   3.5293158480E+01
Ti    3.7398381330E+01   4.1829148850E+01   4.8571513460E+01
Ti    3.9279750430E+01   3.3734622060E+01   3.5241745630E+01
Ti    3.3947778330E+01   3.8657456720E+01   3.7973594780E+01
Ti    4.3297355010E+01   3.9710349920E+01   4.3042016710E+01
Ti    3.7392102100E+01   3.5661397970E+01   4.0267848550E+01
Ti    3.9769837940E+01   4.1468116890E+01   4.6175309000E+01
Ti    4.3242601630E+01   3.7720898600E+01   4.5060920690E+01
Ti    3.3965389740E+01   4.0077709080E+01   4.1402004270E+01
Ti    3.9312872710E+01   3.6269548810E+01   4.2675528750E+01
Ti    3.8068605430E+01   4.1837094530E+01   3.7991178150E+01
Ti    4.1725240070E+01   3.9600211060E+01   4.0329201210E+01
Ti    3.5512034060E+01   3.7900627800E+01   4.5749209320E+01
Ti    3.6670380390E+01   3.9468599870E+01   4.2896352830E+01
Ti    4.1655716080E+01   3.8045493820E+01   3.7606561630E+01
Ti    3.9770691170E+01   3.4456997450E+01   4.5426234080E+01
Ti    3.8178350360E+01   4.3759130330E+01   4.0440272940E+01
Ti    3.7448252210E+01   3.4002200610E+01   3.7735999470E+01
Ti    4.0036752240E+01   4.3345332650E+01   4.3329960330E+01
Ti    4.3660330400E+01   3.7851067360E+01   3.5052356720E+01
Ti    3.5555495990E+01   3.8638176710E+01   3.5392878430E+01
Ti    4.2026715220E+01   3.8036748450E+01   4.8046418850E+01
Ti    3.9822982150E+01   4.3593466510E+01   3.2578329430E+01
Ti    3.9362591800E+01   4.0283654950E+01   3.2844374060E+01
Ti    3.9657938420E+01   3.7359434890E+01   3.4838985490E+01
Ti    3.7553580810E+01   3.7803146670E+01   4.8241522040E+01
Ti    3.7743092850E+01   3.8010050650E+01   3.7510960950E+01
Ti    3.9918412130E+01   3.9631411120E+01   4.3591587960E+01
Ti    3.8092516560E+01   3.9857856310E+01   4.0127228970E+01
Ti    3.9469871200E+01   3.7787652520E+01   4.5976670300E+01
O     4.9801049370E+01   4.1456521120E+01   3.9746480490E+01
O     4.9455232650E+01   3.8490788210E+01   3.8306801680E+01
O     5.0156707480E+01   3.8976462690E+01   3.8264437430E+01
O     4.5655892070E+01   4.6395972330E+01   4.5544143250E+01
O     4.7840567060E+01   4.4110007730E+01   3.8457650910E+01
O     4.6156890450E+01   4.5785074130E+01   3.6067920480E+01
O     4.5475387480E+01   4.7031379350E+01   3.8575759660E+01
O     4.6104199820E+01   4.5162228290E+01   4.0418106110E+01
O     4.7874705000E+01   4.5070100130E+01   4.2949176160E+01
O     4.5067943990E+01   4.7813080680E+01   4.2314748290E+01
O     3.6263281890E+01   4.5353591670E+01   3.7026578030E+01
O     4.1698515740E+01   4.5056137950E+01   4.6351335380E+01
O     4.6734862350E+01   4.2109849900E+01   4.8888166300E+01
O     4.3904082840E+01   4.5508610070E+01   3.7249503010E+01
O     4.7708403890E+01   4.3078397750E+01   4.4957089660E+01
O     4.2350694760E+01   3.1838136100E+01   4.1140740850E+01
O     4.2271821290E+01   4.5446139030E+01   3.5076845450E+01
O     4.5218296900E+01   4.3395805640E+01   3.8762661020E+01
O     4.4331804750E+01   3.3789334160E+01   3.9154192930E+01
O     4.3845674660E+01   4.5788092190E+01   4.7623702380E+01
O     4.5169635900E+01   4.1307054030E+01   4.0234053140E+01
O     4.5543902710E+01   3.5638463290E+01   3.7834732140E+01
O     3.1733236990E+01   4.1718444190E+01   4.5032052050E+01
O     4.3321828450E+01   4.6086068490E+01   4.1126050990E+01
O     4.7753921790E+01   4.1218868810E+01   4.3371727000E+01
O     3.6232106400E+01   4.8363877170E+01   4.1180859480E+01
O     4.7532541120E+01   3.5083971450E+01   4.3891619220E+01
O     4.1913049770E+01   4.8018820390E+01   4.2381043970E+01
O     4.7504027320E+01   3.9658143870E+01   3.4779227080E+01
O     4.0140052370E+01   4.5279678810E+01   3.6959041070E+01
O     3.8017962310E+01   4.5596651350E+01   4.5965240530E+01
O     4.5768897730E+01   3.9618944050E+01   4.8166966840E+01
O     4.7898888610E+01   3.8979516400E+01   4.4667680280E+01
O     3.9879002400E+01   4.6109303260E+01   4.7739559130E+01
O     4.7071903350E+01   3.7252761230E+01   4.2420277420E+01
O     3.9839624700E+01   3.2428102710E+01   4.1179968270E+01
O     3.8186394400E+01   4.5711472620E+01   3.5321503100E+01
O     4.5404288570E+01   3.9542518280E+01   3.8460170810E+01
O     4.5528988910E+01   3.7307419970E+01   3.9906124340E+01
O     3.8013424480E+01   4.7348668670E+01   4.2569319290E+01
O     4.0040415530E+01   4.7159984610E+01   4.0970768370E+01
O     4.2613820400E+01   4.8925365840E+01   3.9918452210E+01
O     4.5713193930E+01   4.1134021430E+01   4.6106613840E+01
O     4.7339477960E+01   4.1469313020E+01   3.7993836110E+01
O     4.3006584600E+01   4.7260504150E+01   4.4905898740E+01
O     4.5069961620E+01   3.5448586340E+01   4.2025953430E+01
O     4.5744252900E+01   4.1626663720E+01   3.6200208850E+01
O     4.1865785860E+01   4.7232287820E+01   3.8199468210E+01
O     4.6828484950E+01   3.4354778400E+01   4.0402628920E+01
O     3.5474149770E+01   4.7298963200E+01   4.4702830890E+01
O     4.1291597290E+01   4.5137870890E+01   3.9768011050E+01
O     4.1638694540E+01   3.1981505330E+01   3.7897321740E+01
O     3.6073520000E+01   4.5594579650E+01   4.3091761410E+01
O     4.7496479390E+01   4.2624557650E+01   4.1186752830E+01
O     4.4334917960E+01   4.5431326430E+01   4.3380413500E+01
O     3.4807906380E+01   4.5545897840E+01   4.0330218010E+01
O     4.5252271730E+01   4.2730671390E+01   4.2974083700E+01
O     4.3755537950E+01   4.3667474150E+01   3.5379367060E+01
O     3.5899149020E+01   4.1964571360E+01   3.7712347020E+01
O     4.1634120100E+01   4.1294791500E+01   4.6680655520E+01
O     4.1437557870E+01   4.3538160710E+01   4.8763184810E+01
O     3.4533574180E+01   4.1730703730E+01   4.4956650650E+01
O     3.5659604680E+01   4.3676642250E+01   3.4590075210E+01
O     4.3554282040E+01   4.1557476560E+01   3.7613345900E+01
O     3.5582695450E+01   3.7246973430E+01   3.4211616560E+01
O     4.3474304460E+01   3.3962254820E+01   3.6400643220E+01
O     4.2117732210E+01   3.6258930680E+01   4.8622128470E+01
O     4.1458283460E+01   3.3608421890E+01   4.5702260850E+01
O     4.3413847320E+01   3.5991786740E+01   3.4438307970E+01
O     4.1589390120E+01   4.3187704360E+01   3.2477110420E+01
O     3.5640931160E+01   3.3400872880E+01   3.7722027340E+01
O     4.3787272570E+01   4.3744744120E+01   4.5456217890E+01
O     4.1121859020E+01   3.6502596840E+01   4.2023446090E+01
O     3.5688220430E+01   4.1636403620E+01   4.7627528890E+01
O     4.2463921860E+01   3.4044773750E+01   4.2960739270E+01
O     3.3823628100E+01   4.3836341020E+01   3.8669759320E+01
O     3.5486112540E+01   3.6230037380E+01   4.0728274900E+01
O     4.1659945010E+01   4.1870724760E+01   3.5626089430E+01
O     4.2116965280E+01   4.3528951570E+01   3.8374350420E+01
O     3.4259324600E+01   3.4687023890E+01   4.3886319170E+01
O     3.3872324090E+01   4.2734549180E+01   3.6455343840E+01
O     4.3108767840E+01   3.5883457800E+01   4.0549717610E+01
O     3.6323782180E+01   4.3669167530E+01   4.4909161480E+01
O     4.1374572170E+01   3.4064427110E+01   3.9481887150E+01
O     4.3445300280E+01   4.2257474700E+01   4.8042508860E+01
O     3.3368207600E+01   3.5462872240E+01   4.1581539800E+01
O     3.3950314120E+01   3.7228210060E+01   4.4231513840E+01
O     4.1853293520E+01   4.1439147100E+01   4.0057780790E+01
O     3.4100099960E+01   4.3726972820E+01   4.2598482230E+01
O     4.1494619650E+01   3.5977959590E+01   3.7981931640E+01
O     3.6632760120E+01   4.1505669880E+01   4.3342910290E+01
O     4.3680145530E+01   4.3664619460E+01   4.1246317420E+01
O     4.3029351530E+01   4.1707736160E+01   4.3991317070E+01
O     3.3268055130E+01   3.6619578140E+01   3.8326470990E+01
O     3.6370338180E+01   4.3506795400E+01   4.1003330090E+01
O     4.1273700580E+01   3.3523759380E+01   3.4915646340E+01
O     3.3819000470E+01   4.1711605460E+01   4.0303846770E+01
O     4.3487841480E+01   3.5783869580E+01   4.4808108660E+01
O     4.1803961510E+01   4.3452247740E+01   4.2595551850E+01
O     4.1373993710E+01   4.1852774870E+01   5.0783096360E+01
O     3.4510421540E+01   4.0911683040E+01   3.4420550960E+01
O     4.3417854940E+01   4.1914827630E+01   3.3694605560E+01
O     4.3540080740E+01   3.9743061720E+01   3.5442361520E+01
O     3.9756010540E+01   4.2210294070E+01   3.7138370970E+01
O     3.7912670000E+01   4.1591171770E+01   4.6651641450E+01
O     4.2147228710E+01   3.9591597130E+01   4.8948647210E+01
O     3.5969190090E+01   4.0415729110E+01   3.4704742880E+01
O     3.9602355200E+01   3.4015108440E+01   3.7214994520E+01
O     3.8453938530E+01   3.3162477660E+01   4.5701068590E+01
O     3.3729073450E+01   3.8610097800E+01   4.0119910210E+01
O     4.3787928660E+01   3.9604499170E+01   4.5056634620E+01
O     3.7313161730E+01   3.5572613240E+01   4.2275754660E+01
O     3.9542336090E+01   4.1258325200E+01   4.8375938400E+01
O     4.3225374240E+01   3.7859879060E+01   4.3139430780E+01
O     3.3263965340E+01   4.0318813600E+01   3.7875873840E+01
O     3.9272167110E+01   3.5971589640E+01   4.0392726540E+01
O     3.7670678120E+01   4.2330492790E+01   3.5971208290E+01
O     4.1564973350E+01   3.9854005230E+01   3.8109319600E+01
O     3.6294158270E+01   3.7647236600E+01   4.3600713560E+01
O     3.6175301700E+01   3.9601230180E+01   4.5321227870E+01
O     4.1857449380E+01   3.7665372350E+01   3.9420746320E+01
O     3.8192270860E+01   4.4005797230E+01   4.2688752780E+01
O     3.7843944590E+01   3.2705819480E+01   3.5949914340E+01
O     3.9932681140E+01   4.3032679700E+01   4.1141940310E+01
O     4.3432732950E+01   3.8451755380E+01   3.3336251390E+01
O     4.9532907820E+01   3.9446767460E+01   4.2053524640E+01
O     3.8795789060E+01   4.9297641090E+01   4.0550632070E+01
O     3.9921568510E+01   4.9662566690E+01   4.2977628770E+01
O     3.9800698820E+01   4.7731301810E+01   3.4760102730E+01
O     4.5501813380E+01   3.7547772630E+01   4.5149108590E+01
O     4.7196960990E+01   3.8221250560E+01   3.7313317140E+01
O     3.9994577000E+01   4.7746705300E+01   4.5081594020E+01
O     4.5583889260E+01   3.9651743770E+01   4.2727884120E+01
O     3.8917382850E+01   4.7271814580E+01   3.8408344390E+01
O     3.2295745220E+01   4.0608823910E+01   4.2519580790E+01
O     4.5455655740E+01   3.7502305890E+01   3.5630692130E+01
O     4.7451044510E+01   3.9491605390E+01   4.0506239500E+01
O     3.7694366610E+01   4.5595636430E+01   3.9877472710E+01
O     4.0386947150E+01   4.5527419660E+01   4.3593106590E+01
O     3.9423119590E+01   4.5493041670E+01   3.2836270650E+01
O     4.0111610820E+01   4.3661426020E+01   3.4544421790E+01
O     4.1087092690E+01   4.0313276250E+01   3.2127412950E+01
O     3.5742326290E+01   3.8418702430E+01   3.7341694610E+01
O     3.7898151260E+01   4.3667925930E+01   4.8551728470E+01
O     4.1565102960E+01   3.7911145640E+01   4.6035789170E+01
O     3.3577402390E+01   3.9064499530E+01   4.5762571110E+01
O     4.3482185450E+01   3.7723461180E+01   3.7322355370E+01
O     3.9025820120E+01   3.5448202070E+01   3.4663092050E+01
O     3.7839361980E+01   3.6260133900E+01   4.9165425290E+01
O     3.7874367040E+01   3.3739407850E+01   3.9637044360E+01
O     3.9821016230E+01   4.3525215030E+01   4.5521246570E+01
O     4.1346192670E+01   3.9500694100E+01   4.2370709870E+01
O     3.5599414850E+01   3.7650574430E+01   4.7790185720E+01
O     3.9706509640E+01   3.4133554970E+01   4.3454944610E+01
O     3.8210719150E+01   4.3841421480E+01   3.8457317350E+01
O     3.6077151540E+01   3.9355921500E+01   4.1036415320E+01
O     4.1420012430E+01   3.7656227460E+01   3.5364616320E+01
O     3.3806783500E+01   3.8257546640E+01   3.5994556530E+01
O     4.3672714030E+01   3.9304498420E+01   4.0953089900E+01
O     4.3827665160E+01   3.8084281220E+01   4.7239803430E+01
O     3.4695686300E+01   3.9667700610E+01   4.3184017090E+01
O     4.0100369110E+01   3.6293504430E+01   4.4796741820E+01
O     3.8009915420E+01   4.1819044190E+01   4.0015894540E+01
O     3.7172023600E+01   3.5800078340E+01   3.8058118100E+01
O     4.0081530660E+01   4.1586954930E+01   4.4066890100E+01
O     3.8675161570E+01   4.2175120260E+01   3.3173235130E+01
O     3.9726860840E+01   4.0357810660E+01   3.4575614990E+01
O     3.7644944730E+01   3.9456730450E+01   3.2659828810E+01
O     3.9589742770E+01   3.7478168210E+01   3.7083856820E+01
O     3.7020425940E+01   3.9578145490E+01   4.8888960410E+01
O     3.7584134950E+01   3.7665558430E+01   4.6280201390E+01
O     3.7511684870E+01   3.7798342880E+01   3.9468897560E+01
O     3.9574178490E+01   3.9689357530E+01   4.5566977800E+01
O     3.8487624320E+01   4.0090889970E+01   4.2374745750E+01
O     3.9733296270E+01   3.7829082400E+01   4.7923910970E+01
O     3.8917775680E+01   3.7936012170E+01   4.3639704000E+01
O     3.8009601530E+01   3.9904114690E+01   3.7944791690E+01
O     3.9772221070E+01   3.8880339580E+01   4.0192844030E+01
O     3.7778480470E+01   3.8269704800E+01   3.5607037650E+01
O     4.0091450290E+01   3.8159016530E+01   3.3186177240E+01
