Ti    4.8241933370E+01   4.2345916280E+01   3.9453939890E+01
Ti    4.9258117670E+01   3.9605870320E+01   4.0266782150E+01
Ti    4.5878975710E+01   4.5153949100E+01   3.8210364220E+01
Ti    4.5105675800E+01   4.6698244340E+01   4.0723663470E+01
Ti    3.6425720100E+01   4.5333239920E+01   3.5159461660E+01
Ti    4.1683746370E+01   4.5274463650E+01   4.8239997060E+01
Ti    4.4496791780E+01   4.5337587970E+01   3.5380503600E+01
Ti    4.7090400240E+01   4.3342646530E+01   4.3123929130E+01
Ti    4.1190365340E+01   3.2180168870E+01   3.9736016500E+01
Ti    3.6374010920E+01   4.5543794330E+01   4.4993477080E+01
Ti    4.1962702330E+01   4.5341408170E+01   3.7816143380E+01
Ti    4.5369903180E+01   4.3022686710E+01   4.0738082080E+01
Ti    3.5470934720E+01   4.5012935440E+01   3.8682112340E+01
Ti    4.5067838410E+01   3.3873804410E+01   3.7363369670E+01
Ti    4.3941282540E+01   4.5765044710E+01   4.5790976450E+01
Ti    4.5355107490E+01   4.1493488670E+01   3.8398019510E+01
Ti    4.4886241890E+01   3.5417764080E+01   3.9937165960E+01
Ti    4.3391509840E+01   4.7016474770E+01   4.3058626730E+01
Ti    4.7613286640E+01   4.1119442630E+01   4.5230824530E+01
Ti    3.6270060980E+01   4.7883181810E+01   4.3052259660E+01
Ti    4.6897044990E+01   3.5020759150E+01   4.2011199370E+01
Ti    4.1920809560E+01   4.7192779920E+01   4.0275344820E+01
Ti    4.5151044790E+01   4.1388305070E+01   4.8284972940E+01
Ti    4.7450436500E+01   4.0880786170E+01   3.6172237290E+01
Ti    4.0177140400E+01   4.5820985760E+01   3.4548731060E+01
Ti    3.8159743620E+01   4.5332788550E+01   4.7804906380E+01
Ti    4.7444396080E+01   3.9391324820E+01   4.2743174550E+01
Ti    3.9986325910E+01   4.5793050690E+01   4.5519689120E+01
Ti    4.7137871470E+01   3.6905650500E+01   4.4317131790E+01
Ti    4.0994785030E+01   3.2906424330E+01   4.2571986830E+01
Ti    3.8377767290E+01   4.5661895380E+01   3.7547073410E+01
Ti    4.5498826730E+01   3.9113704110E+01   4.0532002480E+01
Ti    3.3242818330E+01   4.0547948450E+01   4.4652407770E+01
Ti    4.5352286360E+01   3.7740259730E+01   3.7733705000E+01
Ti    3.8005657430E+01   4.7410664930E+01   4.0286617910E+01
Ti    4.0123929960E+01   4.7692301770E+01   4.2874640950E+01
Ti    4.7142134980E+01   3.7961439290E+01   3.5363806680E+01
Ti    4.5379673770E+01   3.9183748620E+01   4.6163333710E+01
Ti    4.2059959260E+01   4.3531703780E+01   3.4444507650E+01
Ti    3.5774409500E+01   4.2026116030E+01   3.5656686580E+01
Ti    4.1337218860E+01   4.1666478100E+01   4.8954475550E+01
Ti    4.3907424950E+01   4.1653299570E+01   3.5863228400E+01
Ti    4.2896234150E+01   3.4326773130E+01   3.4513913560E+01
Ti    4.3526965070E+01   4.3546548930E+01   4.3544084090E+01
Ti    4.1097101630E+01   3.5954076580E+01   3.9877992990E+01
Ti    3.6422509340E+01   4.1452973430E+01   4.5470517000E+01
Ti    4.2986370350E+01   3.3930746550E+01   4.4770235910E+01
Ti    3.4482395350E+01   4.3585118110E+01   4.0782531050E+01
Ti    3.5081980780E+01   3.5901828220E+01   4.2788334780E+01
Ti    4.1489497080E+01   4.1758343630E+01   3.7862133940E+01
Ti    4.1824985350E+01   4.3456347170E+01   4.0644494750E+01
Ti    3.3978852600E+01   4.2080796210E+01   3.8187197060E+01
Ti    4.3124290290E+01   3.5855912800E+01   4.2542502190E+01
Ti    3.6063289680E+01   4.3606684520E+01   4.2928404160E+01
Ti    4.1549147780E+01   3.3886685310E+01   3.7114881060E+01
Ti    4.3451400390E+01   4.1621779250E+01   4.5942827290E+01
Ti    3.3729309160E+01   3.6698336630E+01   4.0215533020E+01
Ti    4.2303378760E+01   4.0228664150E+01   3.3677437650E+01
Ti    3.9497454620E+01   4.2027045930E+01   3.5287485650E+01
Ti    3.7399506810E+01   4.1829446870E+01   4.8620105870E+01
Ti    3.9251718890E+01   3.3691598310E+01   3.5204250510E+01
Ti    3.3936036540E+01   3.8709503810E+01   3.7963150940E+01
Ti    4.3280655900E+01   3.9709717280E+01   4.3039796830E+01
Ti    3.7365036340E+01   3.5681869500E+01   4.0247186270E+01
Ti    3.9786563590E+01   4.1467251500E+01   4.6225325170E+01
Ti    4.3222896170E+01   3.7730433110E+01   4.5046200070E+01
Ti    3.4004942260E+01   4.0101488280E+01   4.1438748330E+01
Ti    3.9278243460E+01   3.6308806360E+01   4.2655146830E+01
Ti    3.8068903970E+01   4.1854661330E+01   3.7989484010E+01
Ti    4.1717098730E+01   3.9594706460E+01   4.0325138680E+01
Ti    3.5484234680E+01   3.7901852480E+01   4.5770858350E+01
Ti    3.6733511680E+01   3.9447487120E+01   4.2922791590E+01
Ti    4.1645999180E+01   3.8046220910E+01   3.7581919330E+01
Ti    3.9760865460E+01   3.4492205400E+01   4.5393724510E+01
Ti    3.8190389000E+01   4.3762183430E+01   4.0426373150E+01
Ti    3.7429434750E+01   3.4009120900E+01   3.7714328230E+01
Ti    4.0050914520E+01   4.3344358370E+01   4.3355633760E+01
Ti    4.3648800390E+01   3.7879796720E+01   3.5033666090E+01
Ti    3.5520952370E+01   3.8733316440E+01   3.5352881580E+01
Ti    4.2055147320E+01   3.8042470870E+01   4.8058139550E+01
Ti    3.9822066150E+01   4.3593894060E+01   3.2571375880E+01
Ti    3.9340500550E+01   4.0303276590E+01   3.2825381700E+01
Ti    3.9625811420E+01   3.7317270880E+01   3.4815993550E+01
Ti    3.7573156470E+01   3.7792329950E+01   4.8281349070E+01
Ti    3.7725253450E+01   3.8032649940E+01   3.7474769970E+01
Ti    3.9924129830E+01   3.9635644800E+01   4.3622960090E+01
Ti    3.8096812830E+01   3.9867119110E+01   4.0117278980E+01
Ti    3.9476339040E+01   3.7793013010E+01   4.6007564150E+01
O     4.9806718650E+01   4.1413446610E+01   3.9764339930E+01
O     4.9424748490E+01   3.8464527600E+01   3.8293202430E+01
O     5.0125162520E+01   3.8951542990E+01   3.8251093620E+01
O     4.5638699830E+01   4.6469665980E+01   4.5549634850E+01
O     4.7821979100E+01   4.4067853980E+01   3.8468223840E+01
O     4.6142492770E+01   4.5768021840E+01   3.6048374620E+01
O     4.5439385230E+01   4.6999269080E+01   3.8562508370E+01
O     4.6114497960E+01   4.5149440890E+01   4.0413300920E+01
O     4.7862124600E+01   4.5055205540E+01   4.2958142240E+01
O     4.5063556400E+01   4.7792583460E+01   4.2331206440E+01
O     3.6243395620E+01   4.5366968380E+01   3.7006619080E+01
O     4.1712242230E+01   4.5036063750E+01   4.6393764460E+01
O     4.6754948480E+01   4.2038183500E+01   4.8887274860E+01
O     4.3876261780E+01   4.5530386710E+01   3.7193899210E+01
O     4.7725130580E+01   4.3060803260E+01   4.4962862790E+01
O     4.2357052730E+01   3.1895656610E+01   4.1103379590E+01
O     4.2375611900E+01   4.5423365260E+01   3.4654966750E+01
O     4.5197669900E+01   4.3385693780E+01   3.8764093610E+01
O     4.4251903340E+01   3.3785600580E+01   3.9078460920E+01
O     4.3867963140E+01   4.5781519690E+01   4.7647633950E+01
O     4.5164311780E+01   4.1297806070E+01   4.0249796570E+01
O     4.5549362250E+01   3.5621085740E+01   3.7814933450E+01
O     3.1800662360E+01   4.1758389810E+01   4.5100482760E+01
O     4.3322761810E+01   4.6051436390E+01   4.1163570380E+01
O     4.7761032160E+01   4.1197423620E+01   4.3382709790E+01
O     3.6258445820E+01   4.8442942690E+01   4.1217394940E+01
O     4.7484808590E+01   3.5024244280E+01   4.3845495810E+01
O     4.1926591800E+01   4.8018341750E+01   4.2370030700E+01
O     4.7493014290E+01   3.9637832160E+01   3.4716358210E+01
O     4.0250038430E+01   4.5304646350E+01   3.6891014240E+01
O     3.8035987310E+01   4.5620943640E+01   4.5976244840E+01
O     4.5780438110E+01   3.9587742730E+01   4.8122955800E+01
O     4.7848146940E+01   3.8956155030E+01   4.4688839840E+01
O     3.9893972050E+01   4.6095779400E+01   4.7762904330E+01
O     4.7051602490E+01   3.7229949040E+01   4.2380194470E+01
O     3.9833556960E+01   3.2420319940E+01   4.1153901010E+01
O     3.8208002340E+01   4.5723153040E+01   3.5290143050E+01
O     4.5374644230E+01   3.9520994200E+01   3.8481096240E+01
O     4.5504391410E+01   3.7266603160E+01   3.9882958460E+01
O     3.8021396030E+01   4.7333397780E+01   4.2558639020E+01
O     4.0048731970E+01   4.7120839960E+01   4.0975458880E+01
O     4.2717865320E+01   4.8885042030E+01   3.9929418620E+01
O     4.5718513220E+01   4.1140273690E+01   4.6105156600E+01
O     4.7336507160E+01   4.1426343760E+01   3.8027245490E+01
O     4.2960709660E+01   4.7188760280E+01   4.4901778660E+01
O     4.5045457290E+01   3.5445644560E+01   4.1991446790E+01
O     4.5768074060E+01   4.1579839160E+01   3.6220917020E+01
O     4.1879741840E+01   4.7226835230E+01   3.8270060280E+01
O     4.6734552860E+01   3.4242047660E+01   4.0378230540E+01
O     3.5477603660E+01   4.7301401900E+01   4.4710717510E+01
O     4.1280494480E+01   4.5113241550E+01   3.9804591770E+01
O     4.1655887460E+01   3.1997253750E+01   3.7862972980E+01
O     3.6080378960E+01   4.5613924150E+01   4.3095061000E+01
O     4.7501613390E+01   4.2593609640E+01   4.1206634770E+01
O     4.4400136700E+01   4.5425324910E+01   4.3372400740E+01
O     3.4750712380E+01   4.5557953720E+01   4.0396186230E+01
O     4.5252976490E+01   4.2683062900E+01   4.2993856550E+01
O     4.3725329320E+01   4.3643819830E+01   3.5438087420E+01
O     3.5900291980E+01   4.2012787050E+01   3.7716269220E+01
O     4.1647749060E+01   4.1280182320E+01   4.6733085170E+01
O     4.1461717220E+01   4.3533172040E+01   4.8815598180E+01
O     3.4596394730E+01   4.1749656000E+01   4.4965941710E+01
O     3.5651079660E+01   4.3684015890E+01   3.4584677810E+01
O     4.3564358370E+01   4.1559866740E+01   3.7628441340E+01
O     3.5549533290E+01   3.7319381620E+01   3.4197679890E+01
O     4.3503221470E+01   3.3997803070E+01   3.6310449670E+01
O     4.2144986170E+01   3.6258602630E+01   4.8621303160E+01
O     4.1437394040E+01   3.3614203310E+01   4.5663116210E+01
O     4.3396384690E+01   3.6028719190E+01   3.4368765340E+01
O     4.1585740980E+01   4.3191308810E+01   3.2474873160E+01
O     3.5618072800E+01   3.3410695170E+01   3.7702346160E+01
O     4.3818333150E+01   4.3750349110E+01   4.5480194530E+01
O     4.1088590720E+01   3.6534479400E+01   4.1999110550E+01
O     3.5705482840E+01   4.1618749040E+01   4.7635750270E+01
O     4.2442680330E+01   3.4062365470E+01   4.2942168660E+01
O     3.3966143220E+01   4.3902464710E+01   3.8685833010E+01
O     3.5462436390E+01   3.6305153720E+01   4.0726532930E+01
O     4.1666715340E+01   4.1847514140E+01   3.5660827160E+01
O     4.2128165630E+01   4.3511648210E+01   3.8406609230E+01
O     3.4158501720E+01   3.4834471240E+01   4.3939815470E+01
O     3.3871181460E+01   4.2793884600E+01   3.6467046380E+01
O     4.3067738010E+01   3.5860761840E+01   4.0524076560E+01
O     3.6387152240E+01   4.3667739630E+01   4.4915624830E+01
O     4.1320580140E+01   3.4073414730E+01   3.9443156210E+01
O     4.3471979530E+01   4.2279985700E+01   4.8053697650E+01
O     3.3379143130E+01   3.5436170500E+01   4.1529647010E+01
O     3.3914051010E+01   3.7402618520E+01   4.4140181740E+01
O     4.1849829590E+01   4.1417695250E+01   4.0059820250E+01
O     3.4129622860E+01   4.3709131550E+01   4.2638553490E+01
O     4.1462498100E+01   3.5986004810E+01   3.7954112650E+01
O     3.6688213600E+01   4.1504316950E+01   4.3356928570E+01
O     4.3695720580E+01   4.3638640980E+01   4.1272973270E+01
O     4.3011822360E+01   4.1714181680E+01   4.4008124200E+01
O     3.3240870260E+01   3.6679294070E+01   3.8322626560E+01
O     3.6386790520E+01   4.3501727910E+01   4.1013643560E+01
O     4.1258686230E+01   3.3530637170E+01   3.4875016780E+01
O     3.3820226780E+01   4.1717389040E+01   4.0306770890E+01
O     4.3468670940E+01   3.5791029460E+01   4.4788752260E+01
O     4.1807619840E+01   4.3464603700E+01   4.2609797210E+01
O     4.1394799610E+01   4.1843159960E+01   5.0830893290E+01
O     3.4540698420E+01   4.0694984610E+01   3.4601057560E+01
O     4.3366225400E+01   4.1912335230E+01   3.3713206720E+01
O     4.3537125000E+01   3.9755867640E+01   3.5490081570E+01
O     3.9756031220E+01   4.2214601990E+01   3.7130240010E+01
O     3.7933093620E+01   4.1590138560E+01   4.6701871100E+01
O     4.2175525550E+01   3.9592179900E+01   4.8970203720E+01
O     3.6088503580E+01   4.0499276600E+01   3.4681499400E+01
O     3.9578578930E+01   3.4002105260E+01   3.7179662810E+01
O     3.8450783190E+01   3.3179975800E+01   4.5648507470E+01
O     3.3735141820E+01   3.8659179760E+01   4.0110495070E+01
O     4.3782329390E+01   3.9613383220E+01   4.5030492780E+01
O     3.7268038290E+01   3.5589027420E+01   4.2251128730E+01
O     3.9548067180E+01   4.1257069660E+01   4.8425764680E+01
O     4.3192952000E+01   3.7862089490E+01   4.3125145190E+01
O     3.3251153950E+01   4.0368070730E+01   3.7852299190E+01
O     3.9241136370E+01   3.5990149990E+01   4.0368325070E+01
O     3.7675563240E+01   4.2367357290E+01   3.5977652730E+01
O     4.1584369360E+01   3.9853302940E+01   3.8088653060E+01
O     3.6293517460E+01   3.7606112150E+01   4.3658850850E+01
O     3.6215215820E+01   3.9587805030E+01   4.5345840070E+01
O     4.1860824250E+01   3.7654969560E+01   3.9392065110E+01
O     3.8214207280E+01   4.4038768970E+01   4.2678577870E+01
O     3.7822703930E+01   3.2676846950E+01   3.5951353120E+01
O     3.9937172700E+01   4.3004235610E+01   4.1157349710E+01
O     4.3323147850E+01   3.8577449170E+01   3.3372892160E+01
O     4.9516459550E+01   3.9400042560E+01   4.2058678940E+01
O     3.8826497750E+01   4.9278979890E+01   4.0549442650E+01
O     3.9938095260E+01   4.9653822610E+01   4.2978246400E+01
O     3.9820529670E+01   4.7746626680E+01   3.4732128380E+01
O     4.5477483480E+01   3.7521176860E+01   4.5102061470E+01
O     4.7160471950E+01   3.8329531920E+01   3.7267013940E+01
O     4.0000678960E+01   4.7750747330E+01   4.5088258860E+01
O     4.5569658530E+01   3.9624275790E+01   4.2735797640E+01
O     3.8977931080E+01   4.7216497970E+01   3.8439547290E+01
O     3.2341545780E+01   4.0650524920E+01   4.2568223010E+01
O     4.5439420590E+01   3.7477293860E+01   3.5614254550E+01
O     4.7438373700E+01   3.9465349830E+01   4.0513064050E+01
O     3.7378612280E+01   4.5568138680E+01   3.9736765240E+01
O     4.0415595680E+01   4.5522603870E+01   4.3620031100E+01
O     3.9426531320E+01   4.5499566050E+01   3.2796674840E+01
O     4.0113828550E+01   4.3674621980E+01   3.4547845730E+01
O     4.1049295620E+01   4.0336533200E+01   3.2057574070E+01
O     3.5719604000E+01   3.8473848440E+01   3.7296159160E+01
O     3.7901558860E+01   4.3671925810E+01   4.8579545940E+01
O     4.1549753050E+01   3.7912340960E+01   4.6036921160E+01
O     3.3592815460E+01   3.9095923110E+01   4.5825013100E+01
O     4.3470684600E+01   3.7695127030E+01   3.7303804340E+01
O     3.8978003160E+01   3.5402724770E+01   3.4625736310E+01
O     3.7860679760E+01   3.6238448590E+01   4.9185312870E+01
O     3.7857402900E+01   3.3750833020E+01   3.9617081810E+01
O     3.9827822860E+01   4.3526811940E+01   4.5550147370E+01
O     4.1324488640E+01   3.9495263820E+01   4.2368788000E+01
O     3.5613190770E+01   3.7652187350E+01   4.7836230120E+01
O     3.9689385390E+01   3.4162002220E+01   4.3420415550E+01
O     3.8295592070E+01   4.3881650360E+01   3.8459037050E+01
O     3.6104403040E+01   3.9340147210E+01   4.1066768300E+01
O     4.1400177100E+01   3.7650473070E+01   3.5338729510E+01
O     3.3776916460E+01   3.8250334240E+01   3.5993072620E+01
O     4.3667950520E+01   3.9294704900E+01   4.0951582850E+01
O     4.3819975840E+01   3.8080455190E+01   4.7221433760E+01
O     3.4755271190E+01   3.9691969660E+01   4.3220655140E+01
O     4.0111277520E+01   3.6328733170E+01   4.4743310960E+01
O     3.8021650020E+01   4.1840648070E+01   4.0013722010E+01
O     3.7142742330E+01   3.5802416770E+01   3.8038665840E+01
O     4.0075543810E+01   4.1588812520E+01   4.4105145540E+01
O     3.8648927490E+01   4.2192201770E+01   3.3182479710E+01
O     3.9983765730E+01   4.0445991600E+01   3.4475698530E+01
O     3.7620911780E+01   3.9470902850E+01   3.2718647900E+01
O     3.9567699760E+01   3.7483397730E+01   3.7053591190E+01
O     3.7021971700E+01   3.9573949590E+01   4.8929613930E+01
O     3.7596583000E+01   3.7661000670E+01   4.6321622190E+01
O     3.7493459610E+01   3.7816726030E+01   3.9436594510E+01
O     3.9579003530E+01   3.9694982110E+01   4.5604861020E+01
O     3.8524584130E+01   4.0106828220E+01   4.2362148180E+01
O     3.9755423620E+01   3.7820898140E+01   4.7952470750E+01
O     3.8818238630E+01   3.7963472590E+01   4.3657418210E+01
O     3.7990055030E+01   3.9926190730E+01   3.7923317810E+01
O     3.9769160200E+01   3.8868545560E+01   4.0151751220E+01
O     3.7741970410E+01   3.8270300670E+01   3.5572165480E+01
O     4.0061673000E+01   3.8181074020E+01   3.3199122170E+01
