Ti    4.8249825990E+01   4.2319879250E+01   3.9475398210E+01
Ti    4.9245079760E+01   3.9561995470E+01   4.0273281650E+01
Ti    4.5859778990E+01   4.5128751850E+01   3.8200414630E+01
Ti    4.5098107270E+01   4.6675992050E+01   4.0734582120E+01
Ti    3.6454667450E+01   4.5338772700E+01   3.5189218940E+01
Ti    4.1699349990E+01   4.5265593290E+01   4.8277484060E+01
Ti    4.4493102030E+01   4.5327882740E+01   3.5334238470E+01
Ti    4.7083725170E+01   4.3322220680E+01   4.3137313880E+01
Ti    4.1184639990E+01   3.2190980970E+01   3.9699371610E+01
Ti    3.6397164830E+01   4.5543045730E+01   4.4996148240E+01
Ti    4.1987719800E+01   4.5342352690E+01   3.7879394410E+01
Ti    4.5377559250E+01   4.3002739500E+01   4.0746687970E+01
Ti    3.5728960930E+01   4.4982218030E+01   3.8819348170E+01
Ti    4.5054259260E+01   3.3881408480E+01   3.7306645970E+01
Ti    4.3952876210E+01   4.5758419680E+01   4.5815099550E+01
Ti    4.5352149410E+01   4.1478726520E+01   3.8424476720E+01
Ti    4.4839643680E+01   3.5390682020E+01   3.9897410090E+01
Ti    4.3382120920E+01   4.6966183350E+01   4.3043432760E+01
Ti    4.7638694570E+01   4.1116903370E+01   4.5241295930E+01
Ti    3.6287394440E+01   4.7899790590E+01   4.3067953060E+01
Ti    4.6861679490E+01   3.4963778080E+01   4.1958902530E+01
Ti    4.1942512170E+01   4.7175809300E+01   4.0298833700E+01
Ti    4.5158020970E+01   4.1343457790E+01   4.8284054530E+01
Ti    4.7386247300E+01   4.0589496300E+01   3.6276411490E+01
Ti    4.0258861690E+01   4.5840710470E+01   3.4464891480E+01
Ti    3.8171794880E+01   4.5333063200E+01   4.7824354400E+01
Ti    4.7417278260E+01   3.9364872920E+01   4.2752075350E+01
Ti    4.0011908750E+01   4.5792156360E+01   4.5543892570E+01
Ti    4.7101219700E+01   3.6843208880E+01   4.4272483160E+01
Ti    4.0975220000E+01   3.2931995940E+01   4.2540414090E+01
Ti    3.8369176490E+01   4.5670993370E+01   3.7520475560E+01
Ti    4.5486349140E+01   3.9074817810E+01   4.0543582430E+01
Ti    3.3295984610E+01   4.0567069850E+01   4.4688409420E+01
Ti    4.5344735290E+01   3.7753903290E+01   3.7700621250E+01
Ti    3.8025259000E+01   4.7417809380E+01   4.0284669820E+01
Ti    4.0135485000E+01   4.7681038040E+01   4.2881921380E+01
Ti    4.7113599030E+01   3.7958533270E+01   3.5290809880E+01
Ti    4.5461574070E+01   3.9210130540E+01   4.6075161520E+01
Ti    4.2068405460E+01   4.3564361400E+01   3.4421664520E+01
Ti    3.5788682790E+01   4.2049083670E+01   3.5668402020E+01
Ti    4.1322194140E+01   4.1654035980E+01   4.9008867380E+01
Ti    4.3946029940E+01   4.1667856230E+01   3.5884168600E+01
Ti    4.2864422720E+01   3.4369453620E+01   3.4452082170E+01
Ti    4.3533983770E+01   4.3534585840E+01   4.3569977880E+01
Ti    4.1060920460E+01   3.5958907180E+01   3.9846500770E+01
Ti    3.6473865860E+01   4.1442497790E+01   4.5482315530E+01
Ti    4.2970124780E+01   3.3934689430E+01   4.4748214710E+01
Ti    3.4484430820E+01   4.3594020520E+01   4.0806336370E+01
Ti    3.5057998900E+01   3.5974633060E+01   4.2796840040E+01
Ti    4.1495828710E+01   4.1753747470E+01   3.7864777090E+01
Ti    4.1829121250E+01   4.3435477440E+01   4.0678096590E+01
Ti    3.3988364100E+01   4.2122063350E+01   3.8195437570E+01
Ti    4.3095180440E+01   3.5866521450E+01   4.2521906410E+01
Ti    3.6098461060E+01   4.3585186050E+01   4.2932919540E+01
Ti    4.1532716540E+01   3.3905302400E+01   3.7069604140E+01
Ti    4.3458542560E+01   4.1615121020E+01   4.5959934230E+01
Ti    3.3699176290E+01   3.6736105470E+01   4.0219263030E+01
Ti    4.2134831790E+01   4.0319864600E+01   3.3869388400E+01
Ti    3.9513624820E+01   4.2042064440E+01   3.5278257040E+01
Ti    3.7398562320E+01   4.1828650590E+01   4.8666279000E+01
Ti    3.9223977080E+01   3.3653839010E+01   3.5167626260E+01
Ti    3.3926345190E+01   3.8760936340E+01   3.7963001130E+01
Ti    4.3268196130E+01   3.9716789080E+01   4.3037135220E+01
Ti    3.7336559150E+01   3.5703914000E+01   4.0222207380E+01
Ti    3.9805234250E+01   4.1463050850E+01   4.6264760280E+01
Ti    4.3199486130E+01   3.7737024990E+01   4.5041831790E+01
Ti    3.4054157420E+01   4.0129289880E+01   4.1471948170E+01
Ti    3.9230403830E+01   3.6346875480E+01   4.2616215460E+01
Ti    3.8083229700E+01   4.1870904010E+01   3.7983225330E+01
Ti    4.1709499060E+01   3.9580008060E+01   4.0323984030E+01
Ti    3.5469331650E+01   3.7908710130E+01   4.5783423430E+01
Ti    3.6870431290E+01   3.9411450250E+01   4.2954456040E+01
Ti    4.1640036720E+01   3.8049203640E+01   3.7562886140E+01
Ti    3.9746151870E+01   3.4554028080E+01   4.5349687380E+01
Ti    3.8231839280E+01   4.3725606810E+01   4.0433246680E+01
Ti    3.7409623180E+01   3.4019024000E+01   3.7690999100E+01
Ti    4.0063266520E+01   4.3337162710E+01   4.3383707350E+01
Ti    4.3638513090E+01   3.7907876220E+01   3.5021010230E+01
Ti    3.5507923330E+01   3.8770717160E+01   3.5352524140E+01
Ti    4.2096531210E+01   3.8042185730E+01   4.8073899900E+01
Ti    3.9808076090E+01   4.3586405740E+01   3.2543365080E+01
Ti    3.9314376660E+01   4.0315697810E+01   3.2784415910E+01
Ti    3.9582937940E+01   3.7281679760E+01   3.4790003440E+01
Ti    3.7583310720E+01   3.7780671430E+01   4.8318677940E+01
Ti    3.7708643980E+01   3.8059427990E+01   3.7442087720E+01
Ti    3.9926943610E+01   3.9640045460E+01   4.3642531930E+01
Ti    3.8102131010E+01   3.9881238860E+01   4.0104301190E+01
Ti    3.9476673210E+01   3.7803597660E+01   4.6062967530E+01
O     4.9807476280E+01   4.1372070420E+01   3.9780146860E+01
O     4.9376435420E+01   3.8439768770E+01   3.8276252130E+01
O     5.0084764070E+01   3.8916218830E+01   3.8243160890E+01
O     4.5613551410E+01   4.6541134860E+01   4.5553634060E+01
O     4.7794389980E+01   4.4033434960E+01   3.8471396200E+01
O     4.6127161950E+01   4.5754069800E+01   3.6027373540E+01
O     4.5408940710E+01   4.6967142730E+01   3.8556761150E+01
O     4.6114073650E+01   4.5133259460E+01   4.0405114650E+01
O     4.7851180010E+01   4.5040955340E+01   4.2966939210E+01
O     4.5057032530E+01   4.7773522770E+01   4.2343460890E+01
O     3.6238190210E+01   4.5344867350E+01   3.7037501010E+01
O     4.1724563880E+01   4.5007660610E+01   4.6436803150E+01
O     4.6778552630E+01   4.1953547040E+01   4.8887875430E+01
O     4.3840268160E+01   4.5544142940E+01   3.7139928990E+01
O     4.7742598410E+01   4.3054826230E+01   4.4966138980E+01
O     4.2357534800E+01   3.1952994600E+01   4.1068286980E+01
O     4.2452549870E+01   4.5431776440E+01   3.4438847010E+01
O     4.5170373310E+01   4.3371244530E+01   3.8778690490E+01
O     4.4172631780E+01   3.3795156550E+01   3.8995834580E+01
O     4.3883259900E+01   4.5777854990E+01   4.7669246240E+01
O     4.5170973950E+01   4.1274410750E+01   4.0275448530E+01
O     4.5561513960E+01   3.5611037640E+01   3.7793220420E+01
O     3.1868825740E+01   4.1797174610E+01   4.5149117690E+01
O     4.3319631790E+01   4.6027056430E+01   4.1238745370E+01
O     4.7772367770E+01   4.1173286670E+01   4.3393831640E+01
O     3.6281423370E+01   4.8487044010E+01   4.1240545150E+01
O     4.7438256820E+01   3.4966490390E+01   4.3796024730E+01
O     4.1934779910E+01   4.8024443350E+01   4.2376960300E+01
O     4.7469065500E+01   3.9627862430E+01   3.4595094000E+01
O     4.0406842790E+01   4.5330598450E+01   3.6792006760E+01
O     3.8063256210E+01   4.5636695380E+01   4.5980345410E+01
O     4.5783384200E+01   3.9546603220E+01   4.8041956060E+01
O     4.7714349070E+01   3.8935534220E+01   4.4756985600E+01
O     3.9908376810E+01   4.6087114500E+01   4.7783584790E+01
O     4.7029805360E+01   3.7199339360E+01   4.2345796290E+01
O     3.9824326600E+01   3.2410116000E+01   4.1126439960E+01
O     3.8232373620E+01   4.5718054120E+01   3.5269856740E+01
O     4.5313481850E+01   3.9502681890E+01   3.8525112860E+01
O     4.5483018620E+01   3.7239394730E+01   3.9849828220E+01
O     3.8027359710E+01   4.7312489270E+01   4.2557274950E+01
O     4.0062761670E+01   4.7076480460E+01   4.0996282790E+01
O     4.2853819870E+01   4.8818350650E+01   3.9964732340E+01
O     4.5734843470E+01   4.1170246230E+01   4.6091209980E+01
O     4.7321554090E+01   4.1396286390E+01   3.8079945330E+01
O     4.2914407460E+01   4.7108437610E+01   4.4886245140E+01
O     4.5021918090E+01   3.5449911010E+01   4.1954933990E+01
O     4.5808192740E+01   4.1521384050E+01   3.6251679490E+01
O     4.1894725560E+01   4.7235802460E+01   3.8307463590E+01
O     4.6630375840E+01   3.4130058590E+01   4.0363296310E+01
O     3.5488916220E+01   4.7302442840E+01   4.4722829660E+01
O     4.1283217940E+01   4.5094991400E+01   3.9849242230E+01
O     4.1674346280E+01   3.2014915260E+01   3.7828906780E+01
O     3.6084787740E+01   4.5633230930E+01   4.3101841460E+01
O     4.7507347660E+01   4.2568146450E+01   4.1224490470E+01
O     4.4475423730E+01   4.5419428250E+01   4.3369160000E+01
O     3.4718512400E+01   4.5565647630E+01   4.0407471890E+01
O     4.5257260980E+01   4.2630590400E+01   4.3012658460E+01
O     4.3700945180E+01   4.3644226930E+01   3.5455497540E+01
O     3.5919993500E+01   4.2036517760E+01   3.7711936180E+01
O     4.1660488250E+01   4.1271726750E+01   4.6790934920E+01
O     4.1491954660E+01   4.3518772050E+01   4.8862583870E+01
O     3.4656923010E+01   4.1767802290E+01   4.4979121260E+01
O     3.5650451170E+01   4.3704388540E+01   3.4591600730E+01
O     4.3564365550E+01   4.1571351030E+01   3.7637337780E+01
O     3.5493593950E+01   3.7399534030E+01   3.4147462430E+01
O     4.3504359640E+01   3.4033935140E+01   3.6236246860E+01
O     4.2154965070E+01   3.6249753850E+01   4.8630898560E+01
O     4.1408139450E+01   3.3644297830E+01   4.5623462100E+01
O     4.3380033550E+01   3.6069519400E+01   3.4297679940E+01
O     4.1561513850E+01   4.3160778870E+01   3.2448698900E+01
O     3.5593994380E+01   3.3423309700E+01   3.7682265370E+01
O     4.3837335250E+01   4.3744990620E+01   4.5499783140E+01
O     4.1048831530E+01   3.6568586960E+01   4.1970034920E+01
O     3.5722462170E+01   4.1597131740E+01   4.7646131520E+01
O     4.2423886270E+01   3.4076605710E+01   4.2923040010E+01
O     3.4168344900E+01   4.3923609150E+01   3.8696726450E+01
O     3.5435711540E+01   3.6386173510E+01   4.0736146650E+01
O     4.1689243010E+01   4.1753471680E+01   3.5603169370E+01
O     4.2130304300E+01   4.3502125780E+01   3.8440237600E+01
O     3.4035085800E+01   3.4975762070E+01   4.3984888100E+01
O     3.3871999150E+01   4.2830703400E+01   3.6477763230E+01
O     4.3027146910E+01   3.5840705720E+01   4.0497472180E+01
O     3.6452308260E+01   4.3661613550E+01   4.4919198370E+01
O     4.1266773370E+01   3.4082461500E+01   3.9404053610E+01
O     4.3537853270E+01   4.2323915030E+01   4.8035246140E+01
O     3.3399954820E+01   3.5415291840E+01   4.1497081620E+01
O     3.3866254670E+01   3.7527138980E+01   4.4112920560E+01
O     4.1849811250E+01   4.1392925300E+01   4.0061542480E+01
O     3.4160717070E+01   4.3695861020E+01   4.2677579240E+01
O     4.1430058210E+01   3.5996838770E+01   3.7926163690E+01
O     3.6742052220E+01   4.1496987900E+01   4.3370914810E+01
O     4.3708544680E+01   4.3610722730E+01   4.1300604890E+01
O     4.3009547120E+01   4.1710690380E+01   4.4029198990E+01
O     3.3212861550E+01   3.6725243850E+01   3.8326180120E+01
O     3.6401295720E+01   4.3532291190E+01   4.1008306840E+01
O     4.1242812270E+01   3.3545026840E+01   3.4834448390E+01
O     3.3813283650E+01   4.1729896270E+01   4.0310670980E+01
O     4.3441613240E+01   3.5795992700E+01   4.4767479320E+01
O     4.1816715250E+01   4.3463434030E+01   4.2638099690E+01
O     4.1407915980E+01   4.1834612160E+01   5.0882893600E+01
O     3.4557540910E+01   4.0729468920E+01   3.4659224550E+01
O     4.3339589720E+01   4.1913394580E+01   3.3728160030E+01
O     4.3538649190E+01   3.9768883530E+01   3.5532017720E+01
O     3.9773221040E+01   4.2223661130E+01   3.7114809740E+01
O     3.7955483090E+01   4.1590090260E+01   4.6745515480E+01
O     4.2197636380E+01   3.9591850240E+01   4.8993622640E+01
O     3.6116466050E+01   4.0534836030E+01   3.4682594250E+01
O     3.9556654780E+01   3.3990279120E+01   3.7145300320E+01
O     3.8459193200E+01   3.3213648590E+01   4.5593717220E+01
O     3.3745205380E+01   3.8700966230E+01   4.0102072680E+01
O     4.3790182670E+01   3.9605425330E+01   4.5055573200E+01
O     3.7231321880E+01   3.5603444820E+01   4.2224742190E+01
O     3.9544732900E+01   4.1248093010E+01   4.8476838650E+01
O     4.3161842670E+01   3.7871378770E+01   4.3121876800E+01
O     3.3242204710E+01   4.0413603230E+01   3.7833921550E+01
O     3.9208072000E+01   3.6009067100E+01   4.0327277680E+01
O     3.7693977700E+01   4.2409025820E+01   3.5979544300E+01
O     4.1594901980E+01   3.9851423370E+01   3.8080640400E+01
O     3.6205021030E+01   3.7448142000E+01   4.3690668200E+01
O     3.6250917950E+01   3.9571455400E+01   4.5365609740E+01
O     4.1865532470E+01   3.7645587490E+01   3.9368001390E+01
O     3.8234228980E+01   4.4063480380E+01   4.2670946290E+01
O     3.7800140400E+01   3.2654367610E+01   3.5949352500E+01
O     3.9956740790E+01   4.2964167560E+01   4.1184130470E+01
O     4.3164347160E+01   3.8686729910E+01   3.3431518780E+01
O     4.9491653870E+01   3.9354220880E+01   4.2067951560E+01
O     3.8828711860E+01   4.9196178880E+01   4.0521071240E+01
O     3.9941790850E+01   4.9646205990E+01   4.2970352000E+01
O     3.9835516890E+01   4.7753377180E+01   3.4693120050E+01
O     4.5441442740E+01   3.7452377750E+01   4.5055037360E+01
O     4.7089689820E+01   3.8739374680E+01   3.7100248360E+01
O     4.0007842370E+01   4.7752300750E+01   4.5095991090E+01
O     4.5553393990E+01   3.9602630420E+01   4.2746825500E+01
O     3.9036213430E+01   4.7157762050E+01   3.8460511160E+01
O     3.2390451110E+01   4.0677284850E+01   4.2608332040E+01
O     4.5433206380E+01   3.7435055780E+01   3.5629310490E+01
O     4.7424900440E+01   3.9434936190E+01   4.0520405010E+01
O     3.7329970740E+01   4.5616463290E+01   3.9687031230E+01
O     4.0443770390E+01   4.5512831540E+01   4.3644035240E+01
O     3.9436894860E+01   4.5497761670E+01   3.2752119160E+01
O     4.0129682970E+01   4.3691086070E+01   3.4554708780E+01
O     4.1021209700E+01   4.0344483360E+01   3.2024442010E+01
O     3.5707121080E+01   3.8541074980E+01   3.7280807480E+01
O     3.7907563480E+01   4.3674125370E+01   4.8608087500E+01
O     4.1516153270E+01   3.7903099210E+01   4.6022221300E+01
O     3.3609493430E+01   3.9127217030E+01   4.5884609480E+01
O     4.3467353940E+01   3.7674593060E+01   3.7291785850E+01
O     3.8928055560E+01   3.5361827080E+01   3.4588940990E+01
O     3.7877208660E+01   3.6217557680E+01   4.9204450610E+01
O     3.7839213300E+01   3.3764419320E+01   3.9595360870E+01
O     3.9837081400E+01   4.3523972160E+01   4.5577378140E+01
O     4.1309376280E+01   3.9487888180E+01   4.2369699550E+01
O     3.5618901180E+01   3.7644721660E+01   4.7915753130E+01
O     3.9675052510E+01   3.4204899310E+01   4.3380990760E+01
O     3.8376864490E+01   4.3941345140E+01   3.8472452520E+01
O     3.6146845670E+01   3.9323947990E+01   4.1112754610E+01
O     4.1386240850E+01   3.7652878170E+01   3.5318019040E+01
O     3.3769609730E+01   3.8241019580E+01   3.5992956750E+01
O     4.3660135940E+01   3.9277789170E+01   4.0962834730E+01
O     4.3800636040E+01   3.8064429170E+01   4.7216458420E+01
O     3.4828449300E+01   3.9723859150E+01   4.3256302070E+01
O     4.0034761510E+01   3.6424885950E+01   4.4663806880E+01
O     3.8028846640E+01   4.1864249660E+01   4.0007039360E+01
O     3.7111921260E+01   3.5807805930E+01   3.8016366790E+01
O     4.0077138780E+01   4.1582910100E+01   4.4141628590E+01
O     3.8623247090E+01   4.2207944540E+01   3.3188087060E+01
O     4.0006351000E+01   4.0490636160E+01   3.4412749170E+01
O     3.7598337640E+01   3.9474145960E+01   3.2746532290E+01
O     3.9550796960E+01   3.7492779760E+01   3.7019827380E+01
O     3.7020482160E+01   3.9569756070E+01   4.8969386350E+01
O     3.7588573930E+01   3.7662610190E+01   4.6358426950E+01
O     3.7471685490E+01   3.7839065150E+01   3.9404838270E+01
O     3.9578578300E+01   3.9696222000E+01   4.5633057040E+01
O     3.8578816310E+01   4.0180250740E+01   4.2330293060E+01
O     3.9775500010E+01   3.7810764060E+01   4.7992546150E+01
O     3.8573903210E+01   3.8087685280E+01   4.3614142770E+01
O     3.7989899370E+01   3.9950956820E+01   3.7905689430E+01
O     3.9761460630E+01   3.8843934290E+01   4.0128599970E+01
O     3.7719218940E+01   3.8260199780E+01   3.5542259440E+01
O     4.0034883540E+01   3.8199536800E+01   3.3212410460E+01
