Ti    4.8254679480E+01   4.2293699380E+01   3.9487593590E+01
Ti    4.9227483310E+01   3.9516823650E+01   4.0287113610E+01
Ti    4.5847139080E+01   4.5106710660E+01   3.8195082600E+01
Ti    4.5072344120E+01   4.6664761950E+01   4.0742594530E+01
Ti    3.6468054170E+01   4.5350574230E+01   3.5214706450E+01
Ti    4.1714614160E+01   4.5245109980E+01   4.8316004100E+01
Ti    4.4509972360E+01   4.5327189130E+01   3.5300458190E+01
Ti    4.7076043800E+01   4.3305166760E+01   4.3147156040E+01
Ti    4.1177152430E+01   3.2202143650E+01   3.9661075110E+01
Ti    3.6422769030E+01   4.5541325050E+01   4.4997197560E+01
Ti    4.1999919310E+01   4.5346614760E+01   3.7896269050E+01
Ti    4.5384613940E+01   4.2981775160E+01   4.0756601610E+01
Ti    3.5948517690E+01   4.4901425000E+01   3.8868674740E+01
Ti    4.5033378130E+01   3.3892671510E+01   3.7244160190E+01
Ti    4.3966645640E+01   4.5750133300E+01   4.5836444310E+01
Ti    4.5346450360E+01   4.1472122180E+01   3.8449667630E+01
Ti    4.4793277720E+01   3.5365362180E+01   3.9858598480E+01
Ti    4.3371024280E+01   4.6913249220E+01   4.3026050100E+01
Ti    4.7661357350E+01   4.1132890410E+01   4.5257154680E+01
Ti    3.6303037440E+01   4.7917030620E+01   4.3083755030E+01
Ti    4.6830172920E+01   3.4919614040E+01   4.1900965090E+01
Ti    4.1963358450E+01   4.7151711010E+01   4.0329138000E+01
Ti    4.5178974460E+01   4.1292222590E+01   4.8284799620E+01
Ti    4.7339263000E+01   4.0441753980E+01   3.6333294710E+01
Ti    4.0335819030E+01   4.5853670670E+01   3.4396891890E+01
Ti    3.8184907080E+01   4.5332175990E+01   4.7847555270E+01
Ti    4.7381244800E+01   3.9337797790E+01   4.2770815760E+01
Ti    4.0038545250E+01   4.5788618680E+01   4.5567431560E+01
Ti    4.7061720160E+01   3.6780262030E+01   4.4229789220E+01
Ti    4.0954099800E+01   3.2957631360E+01   4.2507339770E+01
Ti    3.8494116600E+01   4.5693769270E+01   3.7396288420E+01
Ti    4.5473805620E+01   3.9040304220E+01   4.0555622390E+01
Ti    3.3341603890E+01   4.0586323430E+01   4.4723932780E+01
Ti    4.5301320010E+01   3.7748208800E+01   3.7686953130E+01
Ti    3.8035859150E+01   4.7375093120E+01   4.0290098720E+01
Ti    4.0150510660E+01   4.7677723740E+01   4.2895881960E+01
Ti    4.7074158510E+01   3.7959982590E+01   3.5185297760E+01
Ti    4.5546706830E+01   3.9217294670E+01   4.5968891790E+01
Ti    4.2090908010E+01   4.3582402230E+01   3.4459946180E+01
Ti    3.5792790970E+01   4.2074910170E+01   3.5680959010E+01
Ti    4.1258090520E+01   4.1623318350E+01   4.9086374040E+01
Ti    4.3964951810E+01   4.1677570120E+01   3.5894600270E+01
Ti    4.2832563330E+01   3.4411867290E+01   3.4392151900E+01
Ti    4.3539903130E+01   4.3511927280E+01   4.3593437680E+01
Ti    4.1028341150E+01   3.5964545610E+01   3.9814605610E+01
Ti    3.6524374630E+01   4.1430195530E+01   4.5491925190E+01
Ti    4.2946500680E+01   3.3937873730E+01   4.4727784060E+01
Ti    3.4496969870E+01   4.3608982140E+01   4.0826544440E+01
Ti    3.5026633180E+01   3.6032425350E+01   4.2786872940E+01
Ti    4.1487257000E+01   4.1756332040E+01   3.7875895040E+01
Ti    4.1830686790E+01   4.3418476140E+01   4.0700533920E+01
Ti    3.3999515750E+01   4.2158983770E+01   3.8211135770E+01
Ti    4.3061385580E+01   3.5880738880E+01   4.2503586370E+01
Ti    3.6135540160E+01   4.3553337360E+01   4.2932066560E+01
Ti    4.1522446030E+01   3.3925099280E+01   3.7022064560E+01
Ti    4.3478326190E+01   4.1599483220E+01   4.5966518000E+01
Ti    3.3657906060E+01   3.6772356850E+01   4.0229049280E+01
Ti    4.2051376440E+01   4.0342942930E+01   3.3965729950E+01
Ti    3.9509788980E+01   4.2081216040E+01   3.5280007430E+01
Ti    3.7390442390E+01   4.1827496720E+01   4.8709659280E+01
Ti    3.9197881000E+01   3.3622210710E+01   3.5132068920E+01
Ti    3.3920121990E+01   3.8808533870E+01   3.7968797070E+01
Ti    4.3268846870E+01   3.9725968660E+01   4.3058884360E+01
Ti    3.7312844750E+01   3.5722403150E+01   4.0193789250E+01
Ti    3.9827325660E+01   4.1449425860E+01   4.6305239070E+01
Ti    4.3177303870E+01   3.7745597540E+01   4.5034039460E+01
Ti    3.4094884660E+01   4.0160603900E+01   4.1498913090E+01
Ti    3.9179224710E+01   3.6406998660E+01   4.2569060800E+01
Ti    3.8090104270E+01   4.1865812710E+01   3.7974692160E+01
Ti    4.1706392890E+01   3.9565426470E+01   4.0320877920E+01
Ti    3.5485339480E+01   3.7925001240E+01   4.5826120570E+01
Ti    3.6911291500E+01   3.9424543540E+01   4.2955813500E+01
Ti    4.1618517320E+01   3.8055415980E+01   3.7546427480E+01
Ti    3.9723622240E+01   3.4622355440E+01   4.5299735010E+01
Ti    3.8276538000E+01   4.3729082180E+01   4.0461081820E+01
Ti    3.7392636990E+01   3.4029763260E+01   3.7663683740E+01
Ti    4.0084818520E+01   4.3322389280E+01   4.3419912190E+01
Ti    4.3633537770E+01   3.7931266890E+01   3.5013526270E+01
Ti    3.5483449250E+01   3.8816580450E+01   3.5341451020E+01
Ti    4.2108831430E+01   3.8046556120E+01   4.8104553880E+01
Ti    3.9783295080E+01   4.3578557950E+01   3.2465983040E+01
Ti    3.9283646620E+01   4.0328044070E+01   3.2772714790E+01
Ti    3.9536552680E+01   3.7253323020E+01   3.4763226450E+01
Ti    3.7588050120E+01   3.7766151350E+01   4.8366861460E+01
Ti    3.7696305700E+01   3.8082286830E+01   3.7414477960E+01
Ti    3.9926398730E+01   3.9636762260E+01   4.3637791350E+01
Ti    3.8113243080E+01   3.9890439790E+01   4.0093135870E+01
Ti    3.9519278870E+01   3.7805401160E+01   4.6193270420E+01
O     4.9801905490E+01   4.1328468550E+01   3.9795398210E+01
O     4.9317839030E+01   3.8417535900E+01   3.8273475770E+01
O     5.0035412960E+01   3.8880161370E+01   3.8239649270E+01
O     4.5581158600E+01   4.6621223200E+01   4.5563446460E+01
O     4.7775171260E+01   4.4005237060E+01   3.8475199010E+01
O     4.6130754390E+01   4.5745286920E+01   3.6019170430E+01
O     4.5385239840E+01   4.6939422110E+01   3.8554031830E+01
O     4.6100153660E+01   4.5124130080E+01   4.0401298960E+01
O     4.7842208970E+01   4.5030977490E+01   4.2968210190E+01
O     4.5049194960E+01   4.7756197310E+01   4.2358331960E+01
O     3.6311516350E+01   4.5343142470E+01   3.7073784710E+01
O     4.1738540790E+01   4.4970210250E+01   4.6484842320E+01
O     4.6813521980E+01   4.1859402200E+01   4.8895348610E+01
O     4.3821212820E+01   4.5555026480E+01   3.7098590750E+01
O     4.7758584140E+01   4.3065869690E+01   4.4965870450E+01
O     4.2353292720E+01   3.2006105980E+01   4.1032021330E+01
O     4.2512424700E+01   4.5431501920E+01   3.4334335910E+01
O     4.5150425230E+01   4.3361847710E+01   3.8794628230E+01
O     4.4094263760E+01   3.3808530160E+01   3.8909927000E+01
O     4.3895951510E+01   4.5776527570E+01   4.7688961600E+01
O     4.5177334770E+01   4.1249590480E+01   4.0295715060E+01
O     4.5561983300E+01   3.5601756820E+01   3.7774340640E+01
O     3.1930785080E+01   4.1839079070E+01   4.5186481870E+01
O     4.3306351930E+01   4.5975203670E+01   4.1314062880E+01
O     4.7796845200E+01   4.1152545740E+01   4.3412644520E+01
O     3.6323999700E+01   4.8522602170E+01   4.1249108310E+01
O     4.7391328160E+01   3.4898703510E+01   4.3740887190E+01
O     4.1947510090E+01   4.8046465480E+01   4.2385891850E+01
O     4.7427064940E+01   3.9652281940E+01   3.4548767110E+01
O     4.0453463290E+01   4.5372473210E+01   3.6753561710E+01
O     3.8095637410E+01   4.5647379370E+01   4.5973758150E+01
O     4.5844674240E+01   3.9514371950E+01   4.7952886450E+01
O     4.7461449400E+01   3.8922630250E+01   4.4874410070E+01
O     3.9922254070E+01   4.6077284560E+01   4.7804341920E+01
O     4.7010428400E+01   3.7167483480E+01   4.2316349280E+01
O     3.9813531560E+01   3.2400667900E+01   4.1097676610E+01
O     3.8249674600E+01   4.5728574540E+01   3.5178500250E+01
O     4.5293854180E+01   3.9487515930E+01   3.8526277430E+01
O     4.5451835500E+01   3.7216749860E+01   3.9828438500E+01
O     3.8040766400E+01   4.7311984820E+01   4.2567758820E+01
O     4.0076390950E+01   4.7078224380E+01   4.1011948150E+01
O     4.3065649900E+01   4.8680455420E+01   4.0004749030E+01
O     4.5752083260E+01   4.1171050510E+01   4.6064566040E+01
O     4.7310776330E+01   4.1367021740E+01   3.8106895800E+01
O     4.2858502280E+01   4.6993038020E+01   4.4856395640E+01
O     4.5003499490E+01   3.5464551700E+01   4.1917946830E+01
O     4.5815973490E+01   4.1458301850E+01   3.6279507590E+01
O     4.1905643120E+01   4.7240206000E+01   3.8340126450E+01
O     4.6517097770E+01   3.4021691650E+01   4.0356235020E+01
O     3.5504546960E+01   4.7303887200E+01   4.4738477460E+01
O     4.1301789460E+01   4.5086235760E+01   3.9877702360E+01
O     4.1690907800E+01   3.2034258690E+01   3.7793565060E+01
O     3.6092757940E+01   4.5660169720E+01   4.3107681750E+01
O     4.7511629980E+01   4.2542377080E+01   4.1243143990E+01
O     4.4592850770E+01   4.5437757820E+01   4.3364222000E+01
O     3.4697712320E+01   4.5561062610E+01   4.0463637460E+01
O     4.5266993440E+01   4.2566630860E+01   4.3028772380E+01
O     4.3712726060E+01   4.3650223590E+01   3.5467265930E+01
O     3.5936680870E+01   4.2040206810E+01   3.7715397060E+01
O     4.1672637670E+01   4.1281277280E+01   4.6879742360E+01
O     4.1539574050E+01   4.3479474080E+01   4.8904653910E+01
O     3.4714786590E+01   4.1781417620E+01   4.4992764710E+01
O     3.5643466280E+01   4.3729030870E+01   3.4598854040E+01
O     4.3570000250E+01   4.1585042560E+01   3.7642409270E+01
O     3.5442907420E+01   3.7475078550E+01   3.4097639190E+01
O     4.3486019780E+01   3.4073376780E+01   3.6172708550E+01
O     4.2198100560E+01   3.6248965090E+01   4.8633570510E+01
O     4.1372520910E+01   3.3689675000E+01   4.5588155910E+01
O     4.3371004900E+01   3.6105893330E+01   3.4240098400E+01
O     4.1501978950E+01   4.3094215230E+01   3.2332341150E+01
O     3.5571753360E+01   3.3437637740E+01   3.7659718970E+01
O     4.3856139810E+01   4.3738214470E+01   4.5511687670E+01
O     4.1012365570E+01   3.6591905700E+01   4.1931015760E+01
O     3.5736688480E+01   4.1570159900E+01   4.7655508840E+01
O     4.2408883330E+01   3.4086343980E+01   4.2901567950E+01
O     3.4331214450E+01   4.3945498990E+01   3.8731063590E+01
O     3.5397172840E+01   3.6481686740E+01   4.0760892250E+01
O     4.1692080840E+01   4.1778083290E+01   3.5651175800E+01
O     4.2127948610E+01   4.3502316870E+01   3.8459635720E+01
O     3.3872684270E+01   3.5078497690E+01   4.4050693230E+01
O     3.3882209480E+01   4.2883619500E+01   3.6504656720E+01
O     4.2986877610E+01   3.5817664600E+01   4.0466799980E+01
O     3.6516018330E+01   4.3654381730E+01   4.4921643630E+01
O     4.1217813490E+01   3.4091180420E+01   3.9363261160E+01
O     4.3698255050E+01   4.2436866500E+01   4.7925726850E+01
O     3.3415619680E+01   3.5392106940E+01   4.1467391800E+01
O     3.3789319980E+01   3.7621031750E+01   4.4026308640E+01
O     4.1859615530E+01   4.1370545530E+01   4.0063821070E+01
O     3.4195585060E+01   4.3672468530E+01   4.2715910950E+01
O     4.1395941960E+01   3.6008075050E+01   3.7897786170E+01
O     3.6789109140E+01   4.1473898840E+01   4.3380438030E+01
O     4.3721947670E+01   4.3580240640E+01   4.1327530470E+01
O     4.3008937540E+01   4.1721703460E+01   4.4044857820E+01
O     3.3187299180E+01   3.6769804230E+01   3.8332238710E+01
O     3.6416519820E+01   4.3535290700E+01   4.1007136290E+01
O     4.1225101010E+01   3.3562070070E+01   3.4788650490E+01
O     3.3808564740E+01   4.1748643180E+01   4.0319386480E+01
O     4.3386865990E+01   3.5802833860E+01   4.4746287520E+01
O     4.1828137710E+01   4.3465953360E+01   4.2660284190E+01
O     4.1401545490E+01   4.1825883580E+01   5.0952774190E+01
O     3.4570176340E+01   4.0718039340E+01   3.4698376770E+01
O     4.3298617660E+01   4.1907729900E+01   3.3749965500E+01
O     4.3538711500E+01   3.9779310330E+01   3.5556617730E+01
O     3.9769176510E+01   4.2285176690E+01   3.7125481910E+01
O     3.7978247840E+01   4.1602719220E+01   4.6780724240E+01
O     4.2227748950E+01   3.9599721340E+01   4.9020085570E+01
O     3.6135449180E+01   4.0575429280E+01   3.4689889200E+01
O     3.9538264940E+01   3.3980518900E+01   3.7110014950E+01
O     3.8457598790E+01   3.3259347890E+01   4.5539310260E+01
O     3.3748253160E+01   3.8741340270E+01   4.0095443300E+01
O     4.3818637780E+01   3.9610361330E+01   4.4997505460E+01
O     3.7190360370E+01   3.5624237480E+01   4.2197395160E+01
O     3.9512890050E+01   4.1218316930E+01   4.8529805130E+01
O     4.3126663750E+01   3.7879709280E+01   4.3118523430E+01
O     3.3241877110E+01   4.0458574310E+01   3.7823576810E+01
O     3.9176390990E+01   3.6029177080E+01   4.0287132190E+01
O     3.7695419910E+01   4.2456825090E+01   3.5987595130E+01
O     4.1599252780E+01   3.9853916020E+01   3.8072790380E+01
O     3.6178171700E+01   3.7437308700E+01   4.3726187470E+01
O     3.6287395320E+01   3.9562260110E+01   4.5384934080E+01
O     4.1877203300E+01   3.7637574620E+01   3.9344726860E+01
O     3.8259751390E+01   4.4070964570E+01   4.2678555040E+01
O     3.7778973130E+01   3.2635244740E+01   3.5941752440E+01
O     3.9990214710E+01   4.2922280370E+01   4.1208948260E+01
O     4.3070909550E+01   3.8728803220E+01   3.3464175740E+01
O     4.9456500270E+01   3.9302668330E+01   4.2086343930E+01
O     3.8908596230E+01   4.9256728110E+01   4.0518316460E+01
O     3.9938148080E+01   4.9644712890E+01   4.2969316190E+01
O     3.9846009670E+01   4.7753820770E+01   3.4648746970E+01
O     4.5389156120E+01   3.7326237120E+01   4.4974291140E+01
O     4.7052304840E+01   3.8693218350E+01   3.7051326560E+01
O     4.0017361660E+01   4.7753000110E+01   4.5109938460E+01
O     4.5536304970E+01   3.9589897710E+01   4.2752767340E+01
O     3.9037294290E+01   4.7112609440E+01   3.8489725550E+01
O     3.2430021210E+01   4.0705976930E+01   4.2645239690E+01
O     4.5422059120E+01   3.7413672240E+01   3.5637416720E+01
O     4.7408362100E+01   3.9406684100E+01   4.0540429040E+01
O     3.7319751990E+01   4.5613019810E+01   4.0052909410E+01
O     4.0469205490E+01   4.5500490090E+01   4.3667455550E+01
O     3.9459865500E+01   4.5487838680E+01   3.2719485450E+01
O     4.0164632570E+01   4.3716747290E+01   3.4594670340E+01
O     4.0979571930E+01   4.0346852560E+01   3.2003357420E+01
O     3.5694133590E+01   3.8596545470E+01   3.7269738730E+01
O     3.7914514180E+01   4.3674978020E+01   4.8638249380E+01
O     4.1507157790E+01   3.7878494990E+01   4.6061819750E+01
O     3.3635781250E+01   3.9149379980E+01   4.5933782720E+01
O     4.3437408440E+01   3.7644322790E+01   3.7274343220E+01
O     3.8876861480E+01   3.5327230890E+01   3.4555002020E+01
O     3.7890115070E+01   3.6190320310E+01   4.9226238340E+01
O     3.7824773990E+01   3.3773458960E+01   3.9568760170E+01
O     3.9847020270E+01   4.3517990250E+01   4.5609338150E+01
O     4.1301437030E+01   3.9491971120E+01   4.2366287330E+01
O     3.5623711050E+01   3.7637234340E+01   4.7985223490E+01
O     3.9667918440E+01   3.4249664410E+01   4.3343069710E+01
O     3.8269384640E+01   4.4093990510E+01   3.8503828610E+01
O     3.6176123330E+01   3.9316425330E+01   4.1130218330E+01
O     4.1371694670E+01   3.7668503360E+01   3.5298469690E+01
O     3.3759947150E+01   3.8248315780E+01   3.5993978190E+01
O     4.3656707370E+01   3.9267382740E+01   4.0986370320E+01
O     4.3883431810E+01   3.8088677920E+01   4.7147954820E+01
O     3.4875807310E+01   3.9756633230E+01   4.3284031350E+01
O     3.9940077440E+01   3.6517221090E+01   4.4645613490E+01
O     3.8046661380E+01   4.1885384460E+01   3.9991514690E+01
O     3.7083863310E+01   3.5813917690E+01   3.7992297900E+01
O     4.0094785420E+01   4.1566331140E+01   4.4185200380E+01
O     3.8602678330E+01   4.2236238670E+01   3.3193870660E+01
O     4.0010473600E+01   4.0541974870E+01   3.4387326290E+01
O     3.7568157360E+01   3.9484662860E+01   3.2750630220E+01
O     3.9530958720E+01   3.7497681180E+01   3.6986938440E+01
O     3.7010280970E+01   3.9566259340E+01   4.9014628080E+01
O     3.7603041530E+01   3.7670369170E+01   4.6407334860E+01
O     3.7448882660E+01   3.7859244430E+01   3.9375598900E+01
O     3.9545828640E+01   3.9678099620E+01   4.5684817720E+01
O     3.8619743000E+01   4.0260140390E+01   4.2307785330E+01
O     3.9802578510E+01   3.7807493010E+01   4.8107483440E+01
O     3.8564752340E+01   3.8080895970E+01   4.3385631220E+01
O     3.8005284060E+01   3.9962184490E+01   3.7882544590E+01
O     3.9756817610E+01   3.8811087060E+01   4.0116056520E+01
O     3.7685119410E+01   3.8249008390E+01   3.5515890490E+01
O     4.0004671730E+01   3.8218277120E+01   3.3222208910E+01
